Cl_pop,32.331,-0.47795,-0.013826,0.061611,-0.63667,0.032291,-0.092133,0.008383,0.14323
beta_Cl_tSCRMGDL,-0.47795,0.033621,0.00038892,0.003821,-0.0015236,0.00015939,-0.00061581,0.00020357,0.00045219
V1_pop,-0.013826,0.00038892,6.1013,-3.4123,0.00012414,0.055323,-0.44066,0.094685,0.024296
V2_pop,0.061611,0.003821,-3.4123,18.228,-0.005936,-0.10822,1.0874,-0.30567,-0.054127
omega_Cl,-0.63667,-0.0015236,0.00012414,-0.005936,0.017619,-0.00095375,0.0027982,-0.0002266,-0.0041556
omega_V1,0.032291,0.00015939,0.055323,-0.10822,-0.00095375,0.010994,-0.019847,-0.00039267,5.0755e-5
omega_Q,-0.092133,-0.00061581,-0.44066,1.0874,0.0027982,-0.019847,0.19619,-0.026796,-0.0063649
omega_V2,0.008383,0.00020357,0.094685,-0.30567,-0.0002266,-0.00039267,-0.026796,0.04956,-0.00077107
a,0.14323,0.00045219,0.024296,-0.054127,-0.0041556,5.0755e-5,-0.0063649,-0.00077107,0.040423
