Cl_pop,1,-0.86273,0.0018378,-0.020829,0.028332,-0.0033851,-0.00073155,-0.0065922,0.0012282
beta_Cl_tSCRMGDL,-0.86273,1,0.0025184,0.013709,-0.45329,0.0078243,-0.0075315,0.0089024,0.021815
V1_pop,0.0018378,0.0025184,1,-0.14529,-0.0069287,-0.029023,-0.15644,0.10966,0.019841
V2_pop,-0.020829,0.013709,-0.14529,1,-0.0090694,-0.10709,0.34151,-0.041267,-0.10395
omega_Cl,0.028332,-0.45329,-0.0069287,-0.0090694,1,-0.014751,0.020473,-0.0052195,-0.061554
omega_V1,-0.0033851,0.0078243,-0.029023,-0.10709,-0.014751,1,-0.28608,-0.099314,-0.017402
omega_Q,-0.00073155,-0.0075315,-0.15644,0.34151,0.020473,-0.28608,1,-0.059601,-0.07696
omega_V2,-0.0065922,0.0089024,0.10966,-0.041267,-0.0052195,-0.099314,-0.059601,1,-0.042117
a,0.0012282,0.021815,0.019841,-0.10395,-0.061554,-0.017402,-0.07696,-0.042117,1
