Cl_pop,16.417,-0.70732,-0.009011,-0.3384,0.0018774,-0.00021011,-0.0096258,-0.0004965,0.0017989
beta_Cl_tSCRMGDL,-0.70732,0.033498,-8.9678e-5,0.0072098,-7.216e-5,-2.1752e-5,0.00046952,0.00018183,6.851e-5
V1_pop,-0.009011,-8.9678e-5,7.9228,-0.87846,-0.0011708,0.097315,-0.071029,0.056468,0.018574
V2_pop,-0.3384,0.0072098,-0.87846,13.529,-0.00051013,-0.00011167,0.31699,-0.10367,-0.12711
omega_Cl,0.0018774,-7.216e-5,-0.0011708,-0.00051013,0.0018378,-2.3587e-5,0.00037138,-6.5066e-5,-0.00024882
omega_V1,-0.00021011,-2.1752e-5,0.097315,-0.00011167,-2.3587e-5,0.0049674,-0.0016216,-0.00096843,-0.00054456
omega_Q,-0.0096258,0.00046952,-0.071029,0.31699,0.00037138,-0.0016216,0.098243,-0.0092884,-0.0089322
omega_V2,-0.0004965,0.00018183,0.056468,-0.10367,-6.5066e-5,-0.00096843,-0.0092884,0.044345,0.0023807
a,0.0017989,6.851e-5,0.018574,-0.12711,-0.00024882,-0.00054456,-0.0089322,0.0023807,0.042267
