Cl_pop,0.8432,0.059606,-0.11936,-0.12984,0.00050547,-0.0010041,-0.0028733,0.0037711,0.0025352,4.396e-5
V1_pop,0.059606,7.7357,-17.951,-2.4411,0.0017198,0.038795,-0.1512,0.19182,-0.086973,0.0032256
Q_pop,-0.11936,-17.951,126.13,5.4227,-0.0053491,-0.23167,0.49553,-0.55178,0.34946,-0.00086608
V2_pop,-0.12984,-2.4411,5.4227,15.118,-0.0026555,-0.015591,0.34577,-0.15869,-0.062596,-0.0049173
omega_Cl,0.00050547,0.0017198,-0.0053491,-0.0026555,0.002433,-4.0156e-5,-6.4128e-5,1.8614e-5,0.00012811,-1.5219e-5
omega_V1,-0.0010041,0.038795,-0.23167,-0.015591,-4.0156e-5,0.0092213,-0.0099984,-0.0069292,0.0032636,-0.00034488
omega_Q,-0.0028733,-0.1512,0.49553,0.34577,-6.4128e-5,-0.0099984,0.10258,0.0052808,-0.013091,0.00046031
omega_V2,0.0037711,0.19182,-0.55178,-0.15869,1.8614e-5,-0.0069292,0.0052808,0.075272,-0.015609,0.0011542
a,0.0025352,-0.086973,0.34946,-0.062596,0.00012811,0.0032636,-0.013091,-0.015609,0.076306,-0.0026269
b,4.396e-5,0.0032256,-0.00086608,-0.0049173,-1.5219e-5,-0.00034488,0.00046031,0.0011542,-0.0026269,0.00025736
