Cl_pop,16.445,-0.70819,0.04321,-0.39292,0.0017809,-0.00070823,-0.023975,-0.00050984,0.0032253
beta_Cl_tSCRMGDL,-0.70819,0.033531,-0.0011334,0.0066927,-6.8658e-5,3.2013e-5,0.00055411,0.00022322,-3.0808e-5
V1_pop,0.04321,-0.0011334,5.1033,-2.0513,2.9146e-5,0.0033091,-0.28412,0.14723,-0.013497
V2_pop,-0.39292,0.0066927,-2.0513,18.164,-0.0018596,-0.081087,1.3145,-0.36,0.0884
omega_Cl,0.0017809,-6.8658e-5,2.9146e-5,-0.0018596,0.0018464,-5.6155e-5,0.00026575,-3.6589e-5,-8.3695e-5
omega_V1,-0.00070823,3.2013e-5,0.0033091,-0.081087,-5.6155e-5,0.0071138,-0.017954,0.0013498,-0.0037319
omega_Q,-0.023975,0.00055411,-0.28412,1.3145,0.00026575,-0.017954,0.28307,-0.052742,0.02398
omega_V2,-0.00050984,0.00022322,0.14723,-0.36,-3.6589e-5,0.0013498,-0.052742,0.063396,-0.0059913
a,0.0032253,-3.0808e-5,-0.013497,0.0884,-8.3695e-5,-0.0037319,0.02398,-0.0059913,0.04422
