Cl_pop,1,-0.95383,0.0073418,-0.02537,0.018346,-0.0078899,-0.0094382,0.0027348,0.0047149
beta_Cl_tSCRMGDL,-0.95383,1,-0.0050938,0.012274,-0.014737,0.0026254,0.0084937,0.0011828,-0.0010913
V1_pop,0.0073418,-0.0050938,1,-0.13309,-0.0064525,-0.19764,-0.070083,0.17965,0.06162
V2_pop,-0.02537,0.012274,-0.13309,1,-0.01279,0.07696,0.26213,-0.23127,-0.082536
omega_Cl,0.018346,-0.014737,-0.0064525,-0.01279,1,-0.009813,0.02367,-0.0067106,-0.017675
omega_V1,-0.0078899,0.0026254,-0.19764,0.07696,-0.009813,1,-0.04418,-0.090156,-0.099774
omega_Q,-0.0094382,0.0084937,-0.070083,0.26213,0.02367,-0.04418,1,-0.17965,0.00014037
omega_V2,0.0027348,0.0011828,0.17965,-0.23127,-0.0067106,-0.090156,-0.17965,1,0.00067188
a,0.0047149,-0.0010913,0.06162,-0.082536,-0.017675,-0.099774,0.00014037,0.00067188,1
