Cl_pop,16.385,-0.7058,0.06668,-0.37249,0.003163,-0.0021517,-0.011005,0.0024842,0.0033403
beta_Cl_tSCRMGDL,-0.7058,0.033417,-0.0020893,0.0081382,-0.00011474,3.2334e-5,0.00044725,4.8519e-5,-3.4914e-5
V1_pop,0.06668,-0.0020893,5.0341,-1.0831,-0.00061664,-0.029875,-0.045295,0.09045,0.024198
V2_pop,-0.37249,0.0081382,-1.0831,13.156,-0.001976,0.018806,0.27387,-0.18824,-0.052395
omega_Cl,0.003163,-0.00011474,-0.00061664,-0.001976,0.0018142,-2.8159e-5,0.00029041,-6.414e-5,-0.00013176
omega_V1,-0.0021517,3.2334e-5,-0.029875,0.018806,-2.8159e-5,0.004539,-0.00085739,-0.001363,-0.0011765
omega_Q,-0.011005,0.00044725,-0.045295,0.27387,0.00029041,-0.00085739,0.082973,-0.011612,7.0765e-6
omega_V2,0.0024842,4.8519e-5,0.09045,-0.18824,-6.414e-5,-0.001363,-0.011612,0.050356,2.6388e-5
a,0.0033403,-3.4914e-5,0.024198,-0.052395,-0.00013176,-0.0011765,7.0765e-6,2.6388e-5,0.030632
