Cl_pop,1,-0.95369,0.015037,-0.028767,0.0026105,-0.0053852,-0.016193,0.0090871,0.012852
beta_Cl_tSCRMGDL,-0.95369,1,-0.010359,0.012699,-0.0057082,0.0035852,0.013909,-0.001229,-0.0066034
V1_pop,0.015037,-0.010359,1,-0.22422,-0.0019061,-0.052448,-0.15937,0.16498,0.060282
V2_pop,-0.028767,0.012699,-0.22422,1,-0.017609,0.0066191,0.28202,-0.5051,-0.15179
omega_Cl,0.0026105,-0.0057082,-0.0019061,-0.017609,1,-0.018699,0.018801,0.0094747,-0.015253
omega_V1,-0.0053852,0.0035852,-0.052448,0.0066191,-0.018699,1,-0.18859,-0.12059,-0.0086022
omega_Q,-0.016193,0.013909,-0.15937,0.28202,0.018801,-0.18859,1,-0.10979,-0.1405
omega_V2,0.0090871,-0.001229,0.16498,-0.5051,0.0094747,-0.12059,-0.10979,1,0.014012
a,0.012852,-0.0066034,0.060282,-0.15179,-0.015253,-0.0086022,-0.1405,0.014012,1
