Cl_pop,16.454,-0.70839,0.13565,-0.36896,0.00045223,-0.0016693,-0.02215,0.008396,0.010541
beta_Cl_tSCRMGDL,-0.70839,0.033532,-0.0042188,0.0073527,-4.4641e-5,5.0169e-5,0.00085888,-5.1262e-5,-0.00024449
V1_pop,0.13565,-0.0042188,4.9461,-1.5767,-0.00018104,-0.0089136,-0.11952,0.083575,0.027107
V2_pop,-0.36896,0.0073527,-1.5767,9.9978,-0.0023778,0.0015994,0.30071,-0.36378,-0.097044
omega_Cl,0.00045223,-4.4641e-5,-0.00018104,-0.0023778,0.0018239,-6.1027e-5,0.00027077,9.2167e-5,-0.00013171
omega_V1,-0.0016693,5.0169e-5,-0.0089136,0.0015994,-6.1027e-5,0.0058396,-0.0048599,-0.002099,-0.00013291
omega_Q,-0.02215,0.00085888,-0.11952,0.30071,0.00027077,-0.0048599,0.11372,-0.0084333,-0.0095797
omega_V2,0.008396,-5.1262e-5,0.083575,-0.36378,9.2167e-5,-0.002099,-0.0084333,0.051882,0.00064534
a,0.010541,-0.00024449,0.027107,-0.097044,-0.00013171,-0.00013291,-0.0095797,0.00064534,0.040882
