Cl_pop,1,-0.95358,0.00804,-0.026441,0.0047206,0.0092149,-0.011418,-0.0075944,0.01882
beta_Cl_tSCRMGDL,-0.95358,1,-0.0091254,0.014653,-0.0039258,-0.010144,0.011112,0.011899,-0.013654
V1_pop,0.00804,-0.0091254,1,-0.18226,-0.013807,0.89063,-0.24248,-0.0067332,0.041326
V2_pop,-0.026441,0.014653,-0.18226,1,0.0012902,-0.28298,0.67063,-0.085543,-0.17351
omega_Cl,0.0047206,-0.0039258,-0.013807,0.0012902,1,-0.017558,0.033075,-0.011014,-0.01586
omega_V1,0.0092149,-0.010144,0.89063,-0.28298,-0.017558,1,-0.39858,-0.021267,0.013876
omega_Q,-0.011418,0.011112,-0.24248,0.67063,0.033075,-0.39858,1,-0.16415,-0.092634
omega_V2,-0.0075944,0.011899,-0.0067332,-0.085543,-0.011014,-0.021267,-0.16415,1,-0.0076808
a,0.01882,-0.013654,0.041326,-0.17351,-0.01586,0.013876,-0.092634,-0.0076808,1
