Cl_pop,16.437,-0.70776,0.21198,-0.53531,0.00081731,0.0037766,-0.031942,-0.0063936,0.015754
beta_Cl_tSCRMGDL,-0.70776,0.033515,-0.010865,0.013396,-3.0692e-5,-0.00018774,0.0014037,0.00045233,-0.0005161
V1_pop,0.21198,-0.010865,42.294,-5.919,-0.0038347,0.58552,-1.0881,-0.0090929,0.05549
V2_pop,-0.53531,0.013396,-5.919,24.936,0.00027513,-0.14285,2.3108,-0.088703,-0.17889
omega_Cl,0.00081731,-3.0692e-5,-0.0038347,0.00027513,0.0018237,-7.5797e-5,0.00097464,-9.767e-5,-0.00013984
omega_V1,0.0037766,-0.00018774,0.58552,-0.14285,-7.5797e-5,0.010219,-0.027803,-0.00044643,0.00028962
omega_Q,-0.031942,0.0014037,-1.0881,2.3108,0.00097464,-0.027803,0.47614,-0.02352,-0.013197
omega_V2,-0.0063936,0.00045233,-0.0090929,-0.088703,-9.767e-5,-0.00044643,-0.02352,0.043121,-0.00032931
a,0.015754,-0.0005161,0.05549,-0.17889,-0.00013984,0.00028962,-0.013197,-0.00032931,0.042629
