Cl_pop,1,-0.95359,-0.00046166,-0.00047257,0.019215,-0.018017,0.013043,-0.0018423,0.015957
beta_Cl_tSCRMGDL,-0.95359,1,-0.0042063,0.010164,-0.0085595,-0.0011827,0.0054551,0.0056726,-0.0018958
V1_pop,-0.00046166,-0.0042063,1,-0.28035,-0.028851,0.29026,-0.32359,0.020072,-0.18506
V2_pop,-0.00047257,0.010164,-0.28035,1,0.086778,-0.79233,0.83502,0.39365,0.52203
omega_Cl,0.019215,-0.0085595,-0.028851,0.086778,1,-0.11379,0.11273,0.027557,0.057217
omega_V1,-0.018017,-0.0011827,0.29026,-0.79233,-0.11379,1,-0.91964,-0.24252,-0.64956
omega_Q,0.013043,0.0054551,-0.32359,0.83502,0.11273,-0.91964,1,0.18364,0.63652
omega_V2,-0.0018423,0.0056726,0.020072,0.39365,0.027557,-0.24252,0.18364,1,0.094481
a,0.015957,-0.0018958,-0.18506,0.52203,0.057217,-0.64956,0.63652,0.094481,1
