Cl_pop,1,-0.80833,0.0029205,-0.032867,0.51544,-0.0024818,-0.005894,-0.006807,0.037847
beta_Cl_tSCRMGDL,-0.80833,1,-0.0046415,0.010464,0.01677,-0.0037095,0.0040091,0.0058389,-0.018212
V1_pop,0.0029205,-0.0046415,1,-0.19515,-0.012039,-0.097387,-0.15633,0.25232,0.07423
V2_pop,-0.032867,0.010464,-0.19515,1,-0.0082107,-0.0079136,0.48312,-0.34636,-0.2559
omega_Cl,0.51544,0.01677,-0.012039,-0.0082107,1,-0.0083869,0.019464,-0.025795,0.0056016
omega_V1,-0.0024818,-0.0037095,-0.097387,-0.0079136,-0.0083869,1,-0.12207,-0.16504,-0.044489
omega_Q,-0.005894,0.0040091,-0.15633,0.48312,0.019464,-0.12207,1,-0.39011,-0.21507
omega_V2,-0.006807,0.0058389,0.25232,-0.34636,-0.025795,-0.16504,-0.39011,1,0.13399
a,0.037847,-0.018212,0.07423,-0.2559,0.0056016,-0.044489,-0.21507,0.13399,1
