Cl_pop,1,-0.95371,0.011236,-0.026828,0.017874,-0.00014925,-0.014392,-0.0057457,-0.0011047
beta_Cl_tSCRMGDL,-0.95371,1,-0.0073047,0.011826,-0.015139,-0.007892,0.012457,0.012164,0.0050296
V1_pop,0.011236,-0.0073047,1,-0.22286,-0.0014408,-0.14298,-0.1918,0.25899,-0.006142
V2_pop,-0.026828,0.011826,-0.22286,1,-0.011905,0.12607,0.29757,-0.23437,-0.07987
omega_Cl,0.017874,-0.015139,-0.0014408,-0.011905,1,-0.019537,0.0095354,-0.010439,-0.021588
omega_V1,-0.00014925,-0.007892,-0.14298,0.12607,-0.019537,1,-0.049861,-0.25381,-0.050384
omega_Q,-0.014392,0.012457,-0.1918,0.29757,0.0095354,-0.049861,1,-0.15187,-0.049353
omega_V2,-0.0057457,0.012164,0.25899,-0.23437,-0.010439,-0.25381,-0.15187,1,-0.024364
a,-0.0011047,0.0050296,-0.006142,-0.07987,-0.021588,-0.050384,-0.049353,-0.024364,1
