Cl_pop,1,-0.81376,0.0032,-0.018569,0.042385,-0.0017103,-0.0033179,0.0011838,-0.0034863
beta_Cl_tSCRMGDL,-0.81376,1,-0.002366,0.015947,-0.55918,0.011424,-0.009822,0.0020386,0.018306
V1_pop,0.0032,-0.002366,1,-0.30368,0.0096407,0.055914,-0.32724,0.22196,0.11095
V2_pop,-0.018569,0.015947,-0.30368,1,-0.026859,-0.11793,0.53382,-0.34852,-0.1817
omega_Cl,0.042385,-0.55918,0.0096407,-0.026859,1,-0.016974,0.0089328,0.005489,-0.032569
omega_V1,-0.0017103,0.011424,0.055914,-0.11793,-0.016974,1,-0.23994,-0.032685,-0.032619
omega_Q,-0.0033179,-0.009822,-0.32724,0.53382,0.0089328,-0.23994,1,-0.30338,-0.1622
omega_V2,0.0011838,0.0020386,0.22196,-0.34852,0.005489,-0.032685,-0.30338,1,0.09698
a,-0.0034863,0.018306,0.11095,-0.1817,-0.032569,-0.032619,-0.1622,0.09698,1
