Cl_pop,16.405,-0.70656,-0.0074031,-0.33291,0.0025273,-0.0012991,-0.0070834,0.00056477,0.0069429
beta_Cl_tSCRMGDL,-0.70656,0.033455,0.00047902,0.0068434,-9.943e-5,3.8477e-5,0.00025851,9.3499e-5,-0.00019737
V1_pop,-0.0074031,0.00047902,7.8652,-1.0786,-0.0018842,0.10173,-0.13213,0.046271,0.032565
V2_pop,-0.33291,0.0068434,-1.0786,13.376,-0.001212,-0.005707,0.28127,-0.062906,-0.1039
omega_Cl,0.0025273,-9.943e-5,-0.0018842,-0.001212,0.0018771,-4.1062e-5,0.00032341,-0.00017354,-0.00028136
omega_V1,-0.0012991,3.8477e-5,0.10173,-0.005707,-4.1062e-5,0.0055448,-0.0034094,-0.0012261,-0.00053357
omega_Q,-0.0070834,0.00025851,-0.13213,0.28127,0.00032341,-0.0034094,0.090517,-0.0047272,-0.0071744
omega_V2,0.00056477,9.3499e-5,0.046271,-0.062906,-0.00017354,-0.0012261,-0.0047272,0.044117,0.0026578
a,0.0069429,-0.00019737,0.032565,-0.1039,-0.00028136,-0.00053357,-0.0071744,0.0026578,0.042574
