Cl_pop,16.421,-0.70732,0.018943,-0.39442,0.0019732,-0.00092455,-0.017414,-0.0050522,0.0041633
beta_Cl_tSCRMGDL,-0.70732,0.033492,-0.00033619,0.0092573,-7.8794e-5,1.1836e-5,0.00065932,0.00044232,-1.2927e-5
V1_pop,0.018943,-0.00033619,4.4918,-0.44241,-0.00037831,-0.011128,-0.031211,0.056806,0.017532
V2_pop,-0.39442,0.0092573,-0.44241,15.675,-0.0030329,-0.018192,0.38283,0.077329,-0.10867
omega_Cl,0.0019732,-7.8794e-5,-0.00037831,-0.0030329,0.0018299,-2.4462e-5,6.0075e-5,-5.992e-5,-0.00026651
omega_V1,-0.00092455,1.1836e-5,-0.011128,-0.018192,-2.4462e-5,0.0054037,-0.0047686,-0.00099079,0.00023565
omega_Q,-0.017414,0.00065932,-0.031211,0.38283,6.0075e-5,-0.0047686,0.11403,-0.0070462,-0.010177
omega_V2,-0.0050522,0.00044232,0.056806,0.077329,-5.992e-5,-0.00099079,-0.0070462,0.049064,0.00092927
a,0.0041633,-1.2927e-5,0.017532,-0.10867,-0.00026651,0.00023565,-0.010177,0.00092927,0.042349
