Cl_pop,16.451,-0.71549,-0.015062,-0.21221,-0.0043501,-0.00089623,0.0040677,0.00052048,0.010179
beta_Cl_tSCRMGDL,-0.71549,0.04075,0.0076485,-0.019764,0.0043847,6.9938e-5,-0.0018248,0.00064758,-5.4102e-5
V1_pop,-0.015062,0.0076485,6.8208,-4.9981,0.00034496,0.056589,-0.617,0.12304,0.071375
V2_pop,-0.21221,-0.019764,-4.9981,21.851,-0.0048737,-0.10964,1.5199,-0.30031,-0.20597
omega_Cl,-0.0043501,0.0043847,0.00034496,-0.0048737,0.0026768,-5.8756e-5,0.00011784,0.00015617,-0.00017041
omega_V1,-0.00089623,6.9938e-5,0.056589,-0.10964,-5.8756e-5,0.0061109,-0.016265,0.00016325,0.0013533
omega_Q,0.0040677,-0.0018248,-0.617,1.5199,0.00011784,-0.016265,0.25519,-0.036208,-0.020455
omega_V2,0.00052048,0.00064758,0.12304,-0.30031,0.00015617,0.00016325,-0.036208,0.060873,0.00090012
a,0.010179,-5.4102e-5,0.071375,-0.20597,-0.00017041,0.0013533,-0.020455,0.00090012,0.041315
