Cl_pop,16.461,-0.70893,0.032547,-0.31467,-4.0056e-5,-0.0010165,-0.0041516,-0.005904,0.0075857
beta_Cl_tSCRMGDL,-0.70893,0.041437,0.00027821,-0.0044835,0.0047844,-1.0939e-5,0.0004107,0.00021787,-0.00025437
V1_pop,0.032547,0.00027821,4.4972,-0.73678,0.00068254,-0.0089878,-0.077813,0.061347,0.010936
V2_pop,-0.31467,-0.0044835,-0.73678,12.754,-0.0056697,-0.018991,0.34971,-0.038469,-0.074863
omega_Cl,-4.0056e-5,0.0047844,0.00068254,-0.0056697,0.0029093,-2.21e-5,0.00015602,-8.5138e-5,-0.00022814
omega_V1,-0.0010165,-1.0939e-5,-0.0089878,-0.018991,-2.21e-5,0.0055138,-0.0041584,-0.00022408,-0.0006883
omega_Q,-0.0041516,0.0004107,-0.077813,0.34971,0.00015602,-0.0041584,0.11015,-0.014072,-0.0044556
omega_V2,-0.005904,0.00021787,0.061347,-0.038469,-8.5138e-5,-0.00022408,-0.014072,0.046271,0.00030078
a,0.0075857,-0.00025437,0.010936,-0.074863,-0.00022814,-0.0006883,-0.0044556,0.00030078,0.039627
