Cl_pop,1,-0.9525,0.016823,-0.029475,-0.00071671,0.0060511,-0.016871,0.0019495,0.008968
beta_Cl_tSCRMGDL,-0.9525,1,-0.0078838,0.010701,0.049544,-0.012908,0.012919,0.01029,-0.0016824
V1_pop,0.016823,-0.0078838,1,-0.40267,-0.023201,0.056534,-0.38924,0.23884,0.1406
V2_pop,-0.029475,0.010701,-0.40267,1,0.0095082,-0.047462,0.47895,-0.35726,-0.20075
omega_Cl,-0.00071671,0.049544,-0.023201,0.0095082,1,-0.025367,0.041598,0.0041883,-0.0151
omega_V1,0.0060511,-0.012908,0.056534,-0.047462,-0.025367,1,-0.30535,-0.24671,-0.063537
omega_Q,-0.016871,0.012919,-0.38924,0.47895,0.041598,-0.30535,1,-0.12078,-0.11272
omega_V2,0.0019495,0.01029,0.23884,-0.35726,0.0041883,-0.24671,-0.12078,1,0.12993
a,0.008968,-0.0016824,0.1406,-0.20075,-0.0151,-0.063537,-0.11272,0.12993,1
