Cl_pop,1,-0.9504,0.0078441,-0.013762,-0.071954,-0.010675,0.0012218,-0.0035421,0.0015927
beta_Cl_tSCRMGDL,-0.9504,1,-0.0020185,0.0010575,-0.011334,0.0096071,-0.0054222,0.0097317,0.0019826
V1_pop,0.0078441,-0.0020185,1,-0.19835,0.0038608,-0.0171,-0.15567,0.15289,0.066179
V2_pop,-0.013762,0.0010575,-0.19835,1,-0.021343,-0.10644,0.38712,-0.1746,-0.074618
omega_Cl,-0.071954,-0.011334,0.0038608,-0.021343,1,-0.0084186,0.010332,0.0081261,-0.01616
omega_V1,-0.010675,0.0096071,-0.0171,-0.10644,-0.0084186,1,-0.33834,-0.097485,-0.10479
omega_Q,0.0012218,-0.0054222,-0.15567,0.38712,0.010332,-0.33834,1,-0.1056,-0.0041885
omega_V2,-0.0035421,0.0097317,0.15289,-0.1746,0.0081261,-0.097485,-0.1056,1,0.022884
a,0.0015927,0.0019826,0.066179,-0.074618,-0.01616,-0.10479,-0.0041885,0.022884,1
