Cl_pop,16.452,-0.70818,0.010669,-0.28149,0.00069189,0.0013695,-0.0077123,-0.007443,0.0099239
beta_Cl_tSCRMGDL,-0.70818,0.034616,0.0047124,-0.010031,0.0014254,-7.3065e-5,-0.0010387,0.0010676,-0.00018709
V1_pop,0.010669,0.0047124,6.9807,-5.3298,0.0014655,0.051411,-0.68939,0.24757,0.0022523
V2_pop,-0.28149,-0.010031,-5.3298,23.739,-0.0056134,-0.12127,1.8537,-0.57339,-0.091086
omega_Cl,0.00069189,0.0014254,0.0014655,-0.0056134,0.0019412,-4.782e-5,-3.709e-5,0.00018917,-6.5268e-5
omega_V1,0.0013695,-7.3065e-5,0.051411,-0.12127,-4.782e-5,0.008632,-0.022378,-0.00052345,0.00027619
omega_Q,-0.0077123,-0.0010387,-0.68939,1.8537,-3.709e-5,-0.022378,0.32034,-0.064761,-0.0060243
omega_V2,-0.007443,0.0010676,0.24757,-0.57339,0.00018917,-0.00052345,-0.064761,0.081824,-0.0002959
a,0.0099239,-0.00018709,0.0022523,-0.091086,-6.5268e-5,0.00027619,-0.0060243,-0.0002959,0.037604
