Cl_pop,0.85235,-0.079648,0.74587,-0.04239,0.00026095,-0.0085496,0.012852,0.0062903,-0.001666,0.00065383
V1_pop,-0.079648,61.406,-385.15,-28.071,-0.015707,3.3211,-6.0121,-0.52438,-0.40019,-0.14179
Q_pop,0.74587,-385.15,2607.5,174.7,0.10458,-21.927,39.471,4.2606,2.4087,0.9615
V2_pop,-0.04239,-28.071,174.7,28.803,0.0065743,-1.5303,3.1541,0.046255,0.12334,0.061584
omega_Cl,0.00026095,-0.015707,0.10458,0.0065743,0.0024671,-0.00092001,0.0017848,9.2443e-5,9.6561e-5,2.0643e-5
omega_V1,-0.0085496,3.3211,-21.927,-1.5303,-0.00092001,0.20656,-0.36475,-0.056425,-0.011948,-0.0093361
omega_Q,0.012852,-6.0121,39.471,3.1541,0.0017848,-0.36475,0.77526,0.084768,0.017004,0.016256
omega_V2,0.0062903,-0.52438,4.2606,0.046255,9.2443e-5,-0.056425,0.084768,0.10801,-0.018565,0.0037242
a,-0.001666,-0.40019,2.4087,0.12334,9.6561e-5,-0.011948,0.017004,-0.018565,0.076561,-0.0019911
b,0.00065383,-0.14179,0.9615,0.061584,2.0643e-5,-0.0093361,0.016256,0.0037242,-0.0019911,0.00068904
