Cl_pop,1,-0.9538,-0.0008487,-0.016496,0.010276,2.6666e-5,-0.0020645,-0.0087142,0.0048294
beta_Cl_tSCRMGDL,-0.9538,1,0.0036781,0.0038634,-0.0085142,0.0014739,-0.0023547,0.008873,-0.0025111
V1_pop,-0.0008487,0.0036781,1,-0.20819,-0.00076057,0.10771,-0.19018,0.10615,0.026605
V2_pop,-0.016496,0.0038634,-0.20819,1,-0.0081093,-0.11489,0.40632,-0.081693,-0.11228
omega_Cl,0.010276,-0.0085142,-0.00076057,-0.0081093,1,-0.012752,0.019438,-0.00010166,-0.030555
omega_V1,2.6666e-5,0.0014739,0.10771,-0.11489,-0.012752,1,-0.26,-0.12841,0.015358
omega_Q,-0.0020645,-0.0023547,-0.19018,0.40632,0.019438,-0.26,1,-0.050223,-0.12978
omega_V2,-0.0087142,0.008873,0.10615,-0.081693,-0.00010166,-0.12841,-0.050223,1,-0.027785
a,0.0048294,-0.0025111,0.026605,-0.11228,-0.030555,0.015358,-0.12978,-0.027785,1
