Cl_pop,16.45,-0.70883,-0.0082125,-0.24473,0.0017997,8.5601e-6,-0.0032425,-0.0075361,0.0039381
beta_Cl_tSCRMGDL,-0.70883,0.033573,0.0016079,0.0025894,-6.7364e-5,2.1373e-5,-0.00016708,0.00034665,-9.2508e-5
V1_pop,-0.0082125,0.0016079,5.6919,-1.8168,-7.8354e-5,0.020339,-0.1757,0.054,0.012762
V2_pop,-0.24473,0.0025894,-1.8168,13.38,-0.0012809,-0.03326,0.57555,-0.063715,-0.082574
omega_Cl,0.0017997,-6.7364e-5,-7.8354e-5,-0.0012809,0.0018646,-4.3581e-5,0.00032503,-9.36e-7,-0.00026526
omega_V1,8.5601e-6,2.1373e-5,0.020339,-0.03326,-4.3581e-5,0.006264,-0.0079685,-0.0021669,0.00024438
omega_Q,-0.0032425,-0.00016708,-0.1757,0.57555,0.00032503,-0.0079685,0.14996,-0.0041468,-0.010105
omega_V2,-0.0075361,0.00034665,0.054,-0.063715,-9.36e-7,-0.0021669,-0.0041468,0.045462,-0.0011911
a,0.0039381,-9.2508e-5,0.012762,-0.082574,-0.00026526,0.00024438,-0.010105,-0.0011911,0.040423
