Cl_pop,1,-0.88795,-0.0046717,-0.0053702,0.024171,-0.018207,0.013637,0.0028114,0.0029473
beta_Cl_tSCRMGDL,-0.88795,1,0.015749,-0.012783,-0.38844,0.033585,-0.035746,0.0087841,0.0021628
V1_pop,-0.0046717,0.015749,1,-0.48632,-0.0091195,0.18304,-0.52216,0.25411,0.033618
V2_pop,-0.0053702,-0.012783,-0.48632,1,0.010613,-0.31771,0.69999,-0.32234,0.0041858
omega_Cl,0.024171,-0.38844,-0.0091195,0.010613,1,-0.045243,0.043456,-0.014787,-0.023316
omega_V1,-0.018207,0.033585,0.18304,-0.31771,-0.045243,1,-0.51557,-0.0051018,-0.16057
omega_Q,0.013637,-0.035746,-0.52216,0.69999,0.043456,-0.51557,1,-0.28588,0.075665
omega_V2,0.0028114,0.0087841,0.25411,-0.32234,-0.014787,-0.0051018,-0.28588,1,-0.012114
a,0.0029473,0.0021628,0.033618,0.0041858,-0.023316,-0.16057,0.075665,-0.012114,1
