Cl_pop,16.442,-0.71544,-0.054251,-0.1088,0.0051704,-0.0074134,0.034035,0.0025684,0.0024385
beta_Cl_tSCRMGDL,-0.71544,0.039482,0.0089621,-0.012691,-0.0040716,0.00067011,-0.0043716,0.00039325,8.7686e-5
V1_pop,-0.054251,0.0089621,8.2015,-6.9584,-0.0013777,0.052638,-0.92036,0.16396,0.019644
V2_pop,-0.1088,-0.012691,-6.9584,24.962,0.0027972,-0.15939,2.1525,-0.36285,0.0042671
omega_Cl,0.0051704,-0.0040716,-0.0013777,0.0027972,0.0027828,-0.00023966,0.0014109,-0.00017575,-0.00025096
omega_V1,-0.0074134,0.00067011,0.052638,-0.15939,-0.00023966,0.010083,-0.031863,-0.00011542,-0.0032899
omega_Q,0.034035,-0.0043716,-0.92036,2.1525,0.0014109,-0.031863,0.3788,-0.039642,0.009502
omega_V2,0.0025684,0.00039325,0.16396,-0.36285,-0.00017575,-0.00011542,-0.039642,0.050762,-0.00055687
a,0.0024385,8.7686e-5,0.019644,0.0042671,-0.00025096,-0.0032899,0.009502,-0.00055687,0.041632
