Cl_pop,1,0.0050393,0.0019643,-0.032431,0.0054547,-0.0085887,-0.00028876,0.014206,0.020902
V1_pop,0.0050393,1,-0.65146,-0.41107,-0.028944,0.46223,-0.49485,0.035299,0.041912
Q_pop,0.0019643,-0.65146,1,0.27492,0.028548,-0.39221,0.32039,-0.041103,0.0059364
V2_pop,-0.032431,-0.41107,0.27492,1,-0.00047687,-0.32939,0.49703,-0.044541,-0.092415
omega_Cl,0.0054547,-0.028944,0.028548,-0.00047687,1,-0.039854,0.032995,0.0050738,0.003492
omega_V1,-0.0085887,0.46223,-0.39221,-0.32939,-0.039854,1,-0.57256,-0.21847,-0.026287
omega_Q,-0.00028876,-0.49485,0.32039,0.49703,0.032995,-0.57256,1,0.10576,-0.071074
omega_V2,0.014206,0.035299,-0.041103,-0.044541,0.0050738,-0.21847,0.10576,1,0.0063356
a,0.020902,0.041912,0.0059364,-0.092415,0.003492,-0.026287,-0.071074,0.0063356,1
