Cl_pop,0.86175,0.0152,0.022771,-0.12104,0.00025142,-0.00080397,-0.00011981,0.0030178,0.0038026
V1_pop,0.0152,10.557,-26.432,-5.3699,-0.0046695,0.15144,-0.71863,0.026246,0.026688
Q_pop,0.022771,-26.432,155.94,13.803,0.017701,-0.49388,1.7882,-0.11746,0.014528
V2_pop,-0.12104,-5.3699,13.803,16.165,-9.5198e-5,-0.13354,0.89315,-0.04098,-0.072818
omega_Cl,0.00025142,-0.0046695,0.017701,-9.5198e-5,0.0024654,-0.00019954,0.00073224,5.7651e-5,3.398e-5
omega_V1,-0.00080397,0.15144,-0.49388,-0.13354,-0.00019954,0.010168,-0.025805,-0.0050413,-0.00051949
omega_Q,-0.00011981,-0.71863,1.7882,0.89315,0.00073224,-0.025805,0.19977,0.010817,-0.0062256
omega_V2,0.0030178,0.026246,-0.11746,-0.04098,5.7651e-5,-0.0050413,0.010817,0.052368,0.00028414
a,0.0038026,0.026688,0.014528,-0.072818,3.398e-5,-0.00051949,-0.0062256,0.00028414,0.038408
