Cl_pop,1,-0.95334,0.01126,-0.049544,0.022108,0.0044013,-0.020785,-0.01147,0.01878
beta_Cl_tSCRMGDL,-0.95334,1,-0.00826,0.031114,-0.018952,-0.012501,0.024724,0.013153,-0.010947
V1_pop,0.01126,-0.00826,1,-0.12978,0.0019601,-0.19702,-0.053799,0.15594,0.055408
V2_pop,-0.049544,0.031114,-0.12978,1,-0.026734,-0.10274,0.36777,-0.0066712,-0.070847
omega_Cl,0.022108,-0.018952,0.0019601,-0.026734,1,-0.020464,0.026115,-0.035981,-0.054965
omega_V1,0.0044013,-0.012501,-0.19702,-0.10274,-0.020464,1,-0.32706,-0.14606,-0.090015
omega_Q,-0.020785,0.024724,-0.053799,0.36777,0.026115,-0.32706,1,-0.061811,-0.038311
omega_V2,-0.01147,0.013153,0.15594,-0.0066712,-0.035981,-0.14606,-0.061811,1,-0.036862
a,0.01878,-0.010947,0.055408,-0.070847,-0.054965,-0.090015,-0.038311,-0.036862,1
