Cl_pop,16.433,-0.70792,0.076713,-0.39605,0.0018914,0.00049135,-0.013469,0.00044195,0.0047499
beta_Cl_tSCRMGDL,-0.70792,0.033528,-0.0015669,0.006603,-8.8846e-5,-6.4244e-5,0.00023981,0.00041274,8.3129e-5
V1_pop,0.076713,-0.0015669,4.93,-1.6281,-0.00073713,-0.020068,-0.17491,0.12727,0.048867
V2_pop,-0.39605,0.006603,-1.6281,15.241,-0.00052091,-0.010226,0.51802,-0.24902,-0.16167
omega_Cl,0.0018914,-8.8846e-5,-0.00073713,-0.00052091,0.0018526,-1.4443e-5,0.00023637,-0.00014515,-0.00028907
omega_V1,0.00049135,-6.4244e-5,-0.020068,-0.010226,-1.4443e-5,0.005287,-0.0019456,-0.0013393,-0.00024735
omega_Q,-0.013469,0.00023981,-0.17491,0.51802,0.00023637,-0.0019456,0.11575,-0.026257,-0.010332
omega_V2,0.00044195,0.00041274,0.12727,-0.24902,-0.00014515,-0.0013393,-0.026257,0.070686,0.00432
a,0.0047499,8.3129e-5,0.048867,-0.16167,-0.00028907,-0.00024735,-0.010332,0.00432,0.044371
