Cl_pop,nan,nan,nan,nan,nan,nan,nan,nan,nan
beta_Cl_tSCRMGDL,nan,nan,nan,nan,nan,nan,nan,nan,nan
V1_pop,nan,nan,5.1878,-1.6075,0.00035843,0.017373,-0.19058,0.06379,0.020547
V2_pop,nan,nan,-1.6075,14.122,-0.0034359,-0.033727,0.5292,-0.19218,-0.06427
omega_Cl,nan,nan,0.00035843,-0.0034359,0.00032694,-1.8717e-5,-4.8274e-5,2.8313e-5,-0.00026849
omega_V1,nan,nan,0.017373,-0.033727,-1.8717e-5,0.0068203,-0.010012,-0.0016633,-0.000674
omega_Q,nan,nan,-0.19058,0.5292,-4.8274e-5,-0.010012,0.13728,-0.0073995,-0.0062412
omega_V2,nan,nan,0.06379,-0.19218,2.8313e-5,-0.0016633,-0.0073995,0.049302,0.0012255
a,nan,nan,0.020547,-0.06427,-0.00026849,-0.000674,-0.0062412,0.0012255,0.046242
