Cl_pop,1,-0.95314,nan,0.13008,0.044743,-0.14169,0.13776,-0.12196,0.016361
beta_Cl_tSCRMGDL,-0.95314,1,nan,-0.19285,-0.036318,0.20308,-0.19785,0.18017,-0.022733
V1_pop,nan,nan,nan,nan,nan,nan,nan,nan,nan
V2_pop,0.13008,-0.19285,nan,1,0.083108,-0.95086,0.94313,-0.93203,0.096516
omega_Cl,0.044743,-0.036318,nan,0.083108,1,-0.092308,0.09296,-0.077852,-0.023573
omega_V1,-0.14169,0.20308,nan,-0.95086,-0.092308,1,-0.96432,0.89171,-0.13222
omega_Q,0.13776,-0.19785,nan,0.94313,0.09296,-0.96432,1,-0.88479,0.084268
omega_V2,-0.12196,0.18017,nan,-0.93203,-0.077852,0.89171,-0.88479,1,-0.1058
a,0.016361,-0.022733,nan,0.096516,-0.023573,-0.13222,0.084268,-0.1058,1
