Cl_pop,16.821,-0.73168,nan,7.1481,0.0080403,-0.21377,0.44442,-0.29134,0.013839
beta_Cl_tSCRMGDL,-0.73168,0.035033,nan,-0.48362,-0.00029785,0.013983,-0.029129,0.019642,-0.00087758
V1_pop,nan,nan,nan,nan,nan,nan,nan,nan,nan
V2_pop,7.1481,-0.48362,nan,179.52,0.04879,-4.6868,9.94,-7.2738,0.26671
omega_Cl,0.0080403,-0.00029785,nan,0.04879,0.0019198,-0.0014879,0.0032039,-0.0019869,-0.00021302
omega_V1,-0.21377,0.013983,nan,-4.6868,-0.0014879,0.13533,-0.27905,0.19107,-0.010032
omega_Q,0.44442,-0.029129,nan,9.94,0.0032039,-0.27905,0.61874,-0.40539,0.013671
omega_V2,-0.29134,0.019642,nan,-7.2738,-0.0019869,0.19107,-0.40539,0.33927,-0.01271
a,0.013839,-0.00087758,nan,0.26671,-0.00021302,-0.010032,0.013671,-0.01271,0.042537
