Cl_pop,1,-0.93946,0.017435,-0.033218,-0.15978,0.0095266,-0.027515,0.021007,0.0019505
beta_Cl_tSCRMGDL,-0.93946,1,-0.014193,0.023682,-0.012144,-0.0088635,0.021766,-0.013146,0.0033043
V1_pop,0.017435,-0.014193,1,-0.4255,0.0081159,0.12962,-0.43211,0.37595,0.024353
V2_pop,-0.033218,0.023682,-0.4255,1,-0.021261,-0.31008,0.79014,-0.56632,0.033431
omega_Cl,-0.15978,-0.012144,0.0081159,-0.021261,1,-0.011877,-0.0028288,0.0052437,-0.016346
omega_V1,0.0095266,-0.0088635,0.12962,-0.31008,-0.011877,1,-0.40768,0.16961,-0.1342
omega_Q,-0.027515,0.021766,-0.43211,0.79014,-0.0028288,-0.40768,1,-0.58754,0.10058
omega_V2,0.021007,-0.013146,0.37595,-0.56632,0.0052437,0.16961,-0.58754,1,-0.023898
a,0.0019505,0.0033043,0.024353,0.033431,-0.016346,-0.1342,0.10058,-0.023898,1
