Cl_pop,1,-0.95361,0.017259,-0.039279,0.0053483,0.014554,-0.027567,-0.013666,0.025319
beta_Cl_tSCRMGDL,-0.95361,1,-0.011678,0.020885,-0.0035485,-0.010475,0.018447,0.014346,-0.019026
V1_pop,0.017259,-0.011678,1,-0.34299,-0.020239,0.24834,-0.43575,0.054994,0.070085
V2_pop,-0.039279,0.020885,-0.34299,1,-0.0057245,-0.25582,0.49461,0.013092,-0.099031
omega_Cl,0.0053483,-0.0035485,-0.020239,-0.0057245,1,-0.021495,0.027475,-0.0045839,-0.031373
omega_V1,0.014554,-0.010475,0.24834,-0.25582,-0.021495,1,-0.45864,-0.27358,0.0014977
omega_Q,-0.027567,0.018447,-0.43575,0.49461,0.027475,-0.45864,1,0.065186,-0.078414
omega_V2,-0.013666,0.014346,0.054994,0.013092,-0.0045839,-0.27358,0.065186,1,-0.02651
a,0.025319,-0.019026,0.070085,-0.099031,-0.031373,0.0014977,-0.078414,-0.02651,1
