Cl_pop,16.609,-0.7143,0.18948,-0.6395,0.00095141,0.005999,-0.04937,-0.013522,0.027382
beta_Cl_tSCRMGDL,-0.7143,0.03378,-0.0057819,0.015335,-2.8467e-5,-0.00019471,0.0014898,0.00064013,-0.00092792
V1_pop,0.18948,-0.0057819,7.2568,-3.6911,-0.0023798,0.067662,-0.51582,0.035966,0.050099
V2_pop,-0.6395,0.015335,-3.6911,15.959,-0.00099819,-0.10336,0.86828,0.012697,-0.10498
omega_Cl,0.00095141,-2.8467e-5,-0.0023798,-0.00099819,0.0019052,-9.4893e-5,0.000527,-4.8575e-5,-0.00036339
omega_V1,0.005999,-0.00019471,0.067662,-0.10336,-9.4893e-5,0.010229,-0.020384,-0.0067174,4.0197e-5
omega_Q,-0.04937,0.0014898,-0.51582,0.86828,0.000527,-0.020384,0.1931,0.0069542,-0.0091437
omega_V2,-0.013522,0.00064013,0.035966,0.012697,-4.8575e-5,-0.0067174,0.0069542,0.05894,-0.0017079
a,0.027382,-0.00092792,0.050099,-0.10498,-0.00036339,4.0197e-5,-0.0091437,-0.0017079,0.070415
