Cl_pop,1,-0.9537,0.00724,-0.022403,-0.0056491,0.002607,-0.013588,-9.4403e-5,0.023642
beta_Cl_tSCRMGDL,-0.9537,1,-0.0028239,0.0053514,0.00075818,0.0021005,0.0017302,0.0040593,-0.011995
V1_pop,0.00724,-0.0028239,1,-0.24204,-0.0049819,0.035395,-0.23797,0.1339,0.086628
V2_pop,-0.022403,0.0053514,-0.24204,1,-0.001447,-0.18179,0.49955,-0.52778,-0.2514
omega_Cl,-0.0056491,0.00075818,-0.0049819,-0.001447,1,-0.020281,0.016851,-0.0030281,-0.025308
omega_V1,0.002607,0.0021005,0.035395,-0.18179,-0.020281,1,-0.36446,-0.017651,0.09733
omega_Q,-0.013588,0.0017302,-0.23797,0.49955,0.016851,-0.36446,1,-0.16364,-0.29325
omega_V2,-9.4403e-5,0.0040593,0.1339,-0.52778,-0.0030281,-0.017651,-0.16364,1,0.051554
a,0.023642,-0.011995,0.086628,-0.2514,-0.025308,0.09733,-0.29325,0.051554,1
