Cl_pop,1,-0.95453,0.01212,0.001861,0,0,0,0,0
beta_Cl_tSCRMGDL,-0.95453,1,-0.0075695,-0.0023604,0,0,0,0,0
V1_pop,0.01212,-0.0075695,1,-0.13124,0,0,0,0,0
V2_pop,0.001861,-0.0023604,-0.13124,1,0,0,0,0,0
omega_Cl,0,0,0,0,1,0.0010487,0.0021325,0.00070828,-0.027656
omega_V1,0,0,0,0,0.0010487,1,-0.11571,-0.02414,-0.043262
omega_Q,0,0,0,0,0.0021325,-0.11571,1,-0.032622,-0.087971
omega_V2,0,0,0,0,0.00070828,-0.02414,-0.032622,1,-0.088362
a,0,0,0,0,-0.027656,-0.043262,-0.087971,-0.088362,1
