Cl_pop,16.48,-0.71028,-0.046375,-0.18721,0.0021634,-0.0096867,0.0097846,-0.0013732,0.011374
beta_Cl_tSCRMGDL,-0.71028,0.033668,0.0059565,-0.0023273,-0.00030806,0.00039093,-0.00087234,0.00035868,-0.00026668
V1_pop,-0.046375,0.0059565,7.3943,-3.6208,0.0022925,0.039386,-0.38509,0.12177,0.012709
V2_pop,-0.18721,-0.0023273,-3.6208,15.02,-0.0042976,-0.026374,0.5521,-0.21212,-0.099933
omega_Cl,0.0021634,-0.00030806,0.0022925,-0.0042976,0.0018893,-6.1022e-5,-0.0001291,8.5163e-5,-0.0001239
omega_V1,-0.0096867,0.00039093,0.039386,-0.026374,-6.1022e-5,0.007884,-0.0082801,-0.0026048,-0.0020727
omega_Q,0.0097846,-0.00087234,-0.38509,0.5521,-0.0001291,-0.0082801,0.12283,-0.0089827,-0.0051897
omega_V2,-0.0013732,0.00035868,0.12177,-0.21212,8.5163e-5,-0.0026048,-0.0089827,0.054798,0.001373
a,0.011374,-0.00026668,0.012709,-0.099933,-0.0001239,-0.0020727,-0.0051897,0.001373,0.041291
