Cl_pop,1,-0.95371,0.007413,-0.026921,0.0096523,-0.0089933,-0.013131,0.0015206,0.013
beta_Cl_tSCRMGDL,-0.95371,1,-0.0035449,0.011571,-0.0044863,0.0064291,0.0086704,0.0042745,-0.0075496
V1_pop,0.007413,-0.0035449,1,-0.17172,-0.0053114,-0.0090174,-0.18667,0.12876,0.060822
V2_pop,-0.026921,0.011571,-0.17172,1,-0.01413,-0.059707,0.30313,-0.19974,-0.1385
omega_Cl,0.0096523,-0.0044863,-0.0053114,-0.01413,1,-0.016634,0.0059587,-0.0080432,-0.019644
omega_V1,-0.0089933,0.0064291,-0.0090174,-0.059707,-0.016634,1,-0.28383,-0.17902,-0.044399
omega_Q,-0.013131,0.0086704,-0.18667,0.30313,0.0059587,-0.28383,1,-0.028546,-0.1548
omega_V2,0.0015206,0.0042745,0.12876,-0.19974,-0.0080432,-0.17902,-0.028546,1,0.045373
a,0.013,-0.0075496,0.060822,-0.1385,-0.019644,-0.044399,-0.1548,0.045373,1
