Cl_pop,16.477,-0.70933,0.15316,-0.5016,-0.00017735,-0.0055853,-0.01432,0.013699,0.030522
beta_Cl_tSCRMGDL,-0.70933,0.033569,-0.0038769,0.0096441,8.9281e-6,0.00014486,0.00033106,-0.00022045,-0.00092078
V1_pop,0.15316,-0.0038769,5.7765,-2.6664,-7.3476e-6,-0.041963,-0.26489,0.15947,0.079099
V2_pop,-0.5016,0.0096441,-2.6664,17.048,-0.00046364,0.023484,0.57247,-0.35286,-0.15836
omega_Cl,-0.00017735,8.9281e-6,-7.3476e-6,-0.00046364,0.001864,-2.5951e-5,0.00028949,-0.00010849,-0.00032751
omega_V1,-0.0055853,0.00014486,-0.041963,0.023484,-2.5951e-5,0.0050502,-0.00018299,-0.0022193,-0.0018619
omega_Q,-0.01432,0.00033106,-0.26489,0.57247,0.00028949,-0.00018299,0.10152,-0.024589,-0.010978
omega_V2,0.013699,-0.00022045,0.15947,-0.35286,-0.00010849,-0.0022193,-0.024589,0.064322,0.0043936
a,0.030522,-0.00092078,0.079099,-0.15836,-0.00032751,-0.0018619,-0.010978,0.0043936,0.04721
