Cl_pop,1,-0.93508,0.0097537,-0.023588,-0.17892,0.0054844,-0.017707,0.003719,0.0016594
beta_Cl_tSCRMGDL,-0.93508,1,-0.0048312,0.008957,-0.017702,-0.0013314,0.0040095,0.0048331,0.005625
V1_pop,0.0097537,-0.0048312,1,-0.23728,-0.0035512,0.051365,-0.26162,0.20928,0.018745
V2_pop,-0.023588,0.008957,-0.23728,1,-0.0034702,-0.14497,0.5047,-0.33606,-0.073321
omega_Cl,-0.17892,-0.017702,-0.0035512,-0.0034702,1,-0.026402,0.038212,0.00474,-0.027997
omega_V1,0.0054844,-0.0013314,0.051365,-0.14497,-0.026402,1,-0.31068,0.024202,-0.088087
omega_Q,-0.017707,0.0040095,-0.26162,0.5047,0.038212,-0.31068,1,-0.32082,-0.039147
omega_V2,0.003719,0.0048331,0.20928,-0.33606,0.00474,0.024202,-0.32082,1,0.014535
a,0.0016594,0.005625,0.018745,-0.073321,-0.027997,-0.088087,-0.039147,0.014535,1
