Cl_pop,16.439,-0.70787,0.050384,-0.41685,0.0020964,-0.0017463,-0.028216,0.0037009,0.0054635
beta_Cl_tSCRMGDL,-0.70787,0.033507,-0.00036777,0.0077327,-6.463e-5,8.2371e-5,0.00072608,-1.7209e-5,-4.1459e-5
V1_pop,0.050384,-0.00036777,6.1055,-2.5827,-0.00025798,0.027981,-0.35999,0.088843,-0.005275
V2_pop,-0.41685,0.0077327,-2.5827,15.493,-0.0015823,-0.051214,0.88161,-0.14166,-0.0807
omega_Cl,0.0020964,-6.463e-5,-0.00025798,-0.0015823,0.0019006,-3.0104e-5,0.00039751,-6.7181e-5,-0.00022446
omega_V1,-0.0017463,8.2371e-5,0.027981,-0.051214,-3.0104e-5,0.0069297,-0.012876,-0.00093547,-0.00070637
omega_Q,-0.028216,0.00072608,-0.35999,0.88161,0.00039751,-0.012876,0.20951,-0.01608,-0.0069577
omega_V2,0.0037009,-1.7209e-5,0.088843,-0.14166,-6.7181e-5,-0.00093547,-0.01608,0.046266,-0.00074096
a,0.0054635,-4.1459e-5,-0.005275,-0.0807,-0.00022446,-0.00070637,-0.0069577,-0.00074096,0.04575
