Cl_pop,1,-0.95373,0.0060857,-0.015864,-0.0020236,0.0050865,-0.015489,-0.004838,0.014452
beta_Cl_tSCRMGDL,-0.95373,1,-0.0025741,9.7178e-5,-0.0044758,-0.007302,0.011839,0.013186,-0.0070894
V1_pop,0.0060857,-0.0025741,1,-0.2164,0.0072228,-0.18627,-0.079546,0.1882,0.071036
V2_pop,-0.015864,9.7178e-5,-0.2164,1,-0.012394,-0.00071318,0.34974,-0.74579,-0.16222
omega_Cl,-0.0020236,-0.0044758,0.0072228,-0.012394,1,-0.011548,0.010632,-0.00020484,-0.012734
omega_V1,0.0050865,-0.007302,-0.18627,-0.00071318,-0.011548,1,-0.094798,-0.032208,-0.028909
omega_Q,-0.015489,0.011839,-0.079546,0.34974,0.010632,-0.094798,1,-0.23389,-0.13731
omega_V2,-0.004838,0.013186,0.1882,-0.74579,-0.00020484,-0.032208,-0.23389,1,0.045741
a,0.014452,-0.0070894,0.071036,-0.16222,-0.012734,-0.028909,-0.13731,0.045741,1
