Cl_pop,1,-0.95381,0.0025469,-0.021201,7.7159e-5,0.0011638,-0.0012788,0.0021642,0.0094339
beta_Cl_tSCRMGDL,-0.95381,1,-0.0048156,0.007621,-8.8719e-5,-0.0047595,-0.0012079,0.0053715,-0.005987
V1_pop,0.0025469,-0.0048156,1,-0.029868,-0.0084754,0.77326,-0.052929,-0.0025515,0.064034
V2_pop,-0.021201,0.007621,-0.029868,1,-0.012369,0.0092008,0.40215,-0.18885,-0.20277
omega_Cl,7.7159e-5,-8.8719e-5,-0.0084754,-0.012369,1,-0.0086802,0.0062438,0.011968,-0.022479
omega_V1,0.0011638,-0.0047595,0.77326,0.0092008,-0.0086802,1,-0.059581,-0.089228,0.010816
omega_Q,-0.0012788,-0.0012079,-0.052929,0.40215,0.0062438,-0.059581,1,-0.30038,-0.17541
omega_V2,0.0021642,0.0053715,-0.0025515,-0.18885,0.011968,-0.089228,-0.30038,1,0.064564
a,0.0094339,-0.005987,0.064034,-0.20277,-0.022479,0.010816,-0.17541,0.064564,1
