Cl_pop,16.451,-0.70862,0.043894,-0.33781,1.3334e-5,0.00038277,-0.0018696,0.0022346,0.0080053
beta_Cl_tSCRMGDL,-0.70862,0.033551,-0.003748,0.0054839,-6.924e-7,-7.0694e-5,-7.9747e-5,0.00025047,-0.00022943
V1_pop,0.043894,-0.003748,18.055,-0.49857,-0.0015344,0.26643,-0.081064,-0.0027599,0.056924
V2_pop,-0.33781,0.0054839,-0.49857,15.433,-0.0020703,0.002931,0.56944,-0.18886,-0.16665
omega_Cl,1.3334e-5,-6.924e-7,-0.0015344,-0.0020703,0.0018154,-2.999e-5,9.5889e-5,0.00012981,-0.00020038
omega_V1,0.00038277,-7.0694e-5,0.26643,0.002931,-2.999e-5,0.0065754,-0.0017414,-0.0018419,0.00018349
omega_Q,-0.0018696,-7.9747e-5,-0.081064,0.56944,9.5889e-5,-0.0017414,0.12992,-0.027563,-0.013227
omega_V2,0.0022346,0.00025047,-0.0027599,-0.18886,0.00012981,-0.0018419,-0.027563,0.064805,0.0034386
a,0.0080053,-0.00022943,0.056924,-0.16665,-0.00020038,0.00018349,-0.013227,0.0034386,0.043769
