Cl_pop,17.07,-0.73261,0.058565,-0.74794,0.00036417,0.0071675,-0.04153,-0.022672,0.005684
beta_Cl_tSCRMGDL,-0.73261,0.034589,-0.0019357,0.018063,6.9311e-6,-0.00039756,0.0019207,0.0012106,0.00013552
V1_pop,0.058565,-0.0019357,5.519,-1.59,0.00027703,-0.014931,-0.13998,0.11512,0.083719
V2_pop,-0.74794,0.018063,-1.59,15.108,-0.0064812,-0.029232,0.48127,-0.024811,-0.1564
omega_Cl,0.00036417,6.9311e-6,0.00027703,-0.0064812,0.002207,-3.4325e-6,0.00038303,-0.00025144,-0.0026181
omega_V1,0.0071675,-0.00039756,-0.014931,-0.029232,-3.4325e-6,0.0076182,-0.010789,-0.003798,-0.0045226
omega_Q,-0.04153,0.0019207,-0.13998,0.48127,0.00038303,-0.010789,0.18269,-0.0041867,-0.017213
omega_V2,-0.022672,0.0012106,0.11512,-0.024811,-0.00025144,-0.003798,-0.0041867,0.073556,-0.0017462
a,0.005684,0.00013552,0.083719,-0.1564,-0.0026181,-0.0045226,-0.017213,-0.0017462,0.26509
