Cl_pop,1,-0.95271,0.012221,-0.078274,0.014492,0.064499,-0.075886,0.052186,-0.014852
beta_Cl_tSCRMGDL,-0.95271,1,-0.0079796,0.042728,0.025668,-0.039984,0.043714,-0.024791,0.010136
V1_pop,0.012221,-0.0079796,1,-0.11601,0.0071203,-0.005186,-0.086563,0.16158,0.01243
V2_pop,-0.078274,0.042728,-0.11601,1,-0.058851,-0.72488,0.90657,-0.7034,0.20837
omega_Cl,0.014492,0.025668,0.0071203,-0.058851,1,0.034903,-0.05258,0.046212,-0.044346
omega_V1,0.064499,-0.039984,-0.005186,-0.72488,0.034903,1,-0.8008,0.55142,-0.25403
omega_Q,-0.075886,0.043714,-0.086563,0.90657,-0.05258,-0.8008,1,-0.73741,0.26681
omega_V2,0.052186,-0.024791,0.16158,-0.7034,0.046212,0.55142,-0.73741,1,-0.22813
a,-0.014852,0.010136,0.01243,0.20837,-0.044346,-0.25403,0.26681,-0.22813,1
