Cl_pop,16.545,-0.71061,0.10934,-2.6337,0.002542,0.030472,-0.52689,0.072494,-0.013196
beta_Cl_tSCRMGDL,-0.71061,0.033626,-0.0032185,0.064815,0.00020298,-0.00085161,0.013683,-0.0015526,0.00040601
V1_pop,0.10934,-0.0032185,4.8381,-2.1108,0.00067539,-0.0013249,-0.32501,0.12138,0.0059723
V2_pop,-2.6337,0.064815,-2.1108,68.429,-0.020994,-0.69647,12.801,-1.9872,0.3765
omega_Cl,0.002542,0.00020298,0.00067539,-0.020994,0.0018597,0.00017482,-0.0038705,0.0006806,-0.00041774
omega_V1,0.030472,-0.00085161,-0.0013249,-0.69647,0.00017482,0.013491,-0.15877,0.021873,-0.0064451
omega_Q,-0.52689,0.013683,-0.32501,12.801,-0.0038705,-0.15877,2.9138,-0.4299,0.099486
omega_V2,0.072494,-0.0015526,0.12138,-1.9872,0.0006806,0.021873,-0.4299,0.11664,-0.017018
a,-0.013196,0.00040601,0.0059723,0.3765,-0.00041774,-0.0064451,0.099486,-0.017018,0.047714
