Cl_pop,1,-0.95379,0.0031104,-0.024065,0.0045999,0.0036773,-0.0091577,-0.0069882,0.014527
beta_Cl_tSCRMGDL,-0.95379,1,-0.0045637,0.011705,-0.0034483,-0.0053659,0.0081554,0.0096683,-0.010501
V1_pop,0.0031104,-0.0045637,1,0.0067935,-0.0048739,0.88197,-0.029369,-0.021267,0.0035487
V2_pop,-0.024065,0.011705,0.0067935,1,-0.018991,0.019153,0.25976,-0.041562,-0.1364
omega_Cl,0.0045999,-0.0034483,-0.0048739,-0.018991,1,-0.0036003,0.00076679,-0.025736,-0.017036
omega_V1,0.0036773,-0.0053659,0.88197,0.019153,-0.0036003,1,-0.064361,-0.071885,-0.039756
omega_Q,-0.0091577,0.0081554,-0.029369,0.25976,0.00076679,-0.064361,1,-0.11037,-0.066756
omega_V2,-0.0069882,0.0096683,-0.021267,-0.041562,-0.025736,-0.071885,-0.11037,1,0.0066106
a,0.014527,-0.010501,0.0035487,-0.1364,-0.017036,-0.039756,-0.066756,0.0066106,1
