Cl_pop,16.42,-0.70746,0.077063,-0.35885,0.00080334,0.0013236,-0.010911,-0.0062662,0.01223
beta_Cl_tSCRMGDL,-0.70746,0.033506,-0.0051077,0.0078847,-2.7204e-5,-8.7244e-5,0.00043893,0.00039163,-0.00039937
V1_pop,0.077063,-0.0051077,37.385,0.15286,-0.0012844,0.479,-0.052798,-0.028774,0.004508
V2_pop,-0.35885,0.0078847,0.15286,13.542,-0.0030121,0.0062604,0.28106,-0.033845,-0.10429
omega_Cl,0.00080334,-2.7204e-5,-0.0012844,-0.0030121,0.0018575,-1.3783e-5,9.717e-6,-0.00024545,-0.00015255
omega_V1,0.0013236,-8.7244e-5,0.479,0.0062604,-1.3783e-5,0.0078898,-0.0016809,-0.001413,-0.00073369
omega_Q,-0.010911,0.00043893,-0.052798,0.28106,9.717e-6,-0.0016809,0.086452,-0.0071809,-0.0040781
omega_V2,-0.0062662,0.00039163,-0.028774,-0.033845,-0.00024545,-0.001413,-0.0071809,0.048968,0.00030393
a,0.01223,-0.00039937,0.004508,-0.10429,-0.00015255,-0.00073369,-0.0040781,0.00030393,0.043167
