Cl_pop,nan,nan,nan,nan,nan,nan,nan,nan,nan
beta_Cl_tSCRMGDL,nan,nan,nan,nan,nan,nan,nan,nan,nan
V1_pop,nan,nan,1,-0.28044,0.010309,0.19351,-0.39617,0.123,0.074394
V2_pop,nan,nan,-0.28044,1,-0.045852,-0.12453,0.38738,-0.24376,-0.10782
omega_Cl,nan,nan,0.010309,-0.045852,1,-0.011921,-0.0024026,0.01513,-0.076807
omega_V1,nan,nan,0.19351,-0.12453,-0.011921,1,-0.35929,-0.09508,-0.029503
omega_Q,nan,nan,-0.39617,0.38738,-0.0024026,-0.35929,1,-0.077236,-0.11412
omega_V2,nan,nan,0.123,-0.24376,0.01513,-0.09508,-0.077236,1,0.037772
a,nan,nan,0.074394,-0.10782,-0.076807,-0.029503,-0.11412,0.037772,1
