Cl_pop,16.507,-0.71059,0.22561,-0.57052,0.0014426,-0.0030021,-0.034158,0.0026922,0.016022
beta_Cl_tSCRMGDL,-0.71059,0.033617,-0.006226,0.013533,-6.0931e-5,2.304e-5,0.0011896,0.00029697,-0.00045113
V1_pop,0.22561,-0.006226,7.5906,-3.36,0.00064215,-0.15482,-0.24738,0.21788,0.072651
V2_pop,-0.57052,0.013533,-3.36,17.604,-0.0011766,-0.034767,0.85662,-0.42889,-0.1624
omega_Cl,0.0014426,-6.0931e-5,0.00064215,-0.0011766,0.0018455,-5.9781e-5,0.00017954,3.7238e-5,-0.00022548
omega_V1,-0.0030021,2.304e-5,-0.15482,-0.034767,-5.9781e-5,0.013624,-0.013956,-0.0029332,-0.0030903
omega_Q,-0.034158,0.0011896,-0.24738,0.85662,0.00017954,-0.013956,0.16397,-0.025184,-0.011916
omega_V2,0.0026922,0.00029697,0.21788,-0.42889,3.7238e-5,-0.0029332,-0.025184,0.070474,0.0051407
a,0.016022,-0.00045113,0.072651,-0.1624,-0.00022548,-0.0030903,-0.011916,0.0051407,0.042485
