Cl_pop,1,-0.95346,0.0032984,-0.0099675,0.0073959,-0.00022623,0.0068399,-0.00044283,0.014584
beta_Cl_tSCRMGDL,-0.95346,1,-0.00034792,-0.018908,-0.0069149,0.0075798,-0.030788,0.015631,-0.0031621
V1_pop,0.0032984,-0.00034792,1,-0.14636,-0.011746,0.74668,-0.16061,0.030479,0.058026
V2_pop,-0.0099675,-0.018908,-0.14636,1,0.014589,-0.27427,0.70437,-0.31562,-0.25455
omega_Cl,0.0073959,-0.0069149,-0.011746,0.014589,1,-0.021991,0.042566,-0.017045,-0.021818
omega_V1,-0.00022623,0.0075798,0.74668,-0.27427,-0.021991,1,-0.36379,0.024714,0.054323
omega_Q,0.0068399,-0.030788,-0.16061,0.70437,0.042566,-0.36379,1,-0.3625,-0.2155
omega_V2,-0.00044283,0.015631,0.030479,-0.31562,-0.017045,0.024714,-0.3625,1,0.092669
a,0.014584,-0.0031621,0.058026,-0.25455,-0.021818,0.054323,-0.2155,0.092669,1
