Cl_pop,1,-0.95217,0.012187,-0.029684,0.013429,-0.0055288,-0.011787,0.015749,0.0012104
beta_Cl_tSCRMGDL,-0.95217,1,-0.0062609,0.013964,-0.071295,0.00014597,0.0061857,-0.0041566,0.0043436
V1_pop,0.012187,-0.0062609,1,-0.19085,0.00073842,-0.12122,-0.16312,0.20878,0.03232
V2_pop,-0.029684,0.013964,-0.19085,1,-0.016549,0.057373,0.35854,-0.25389,-0.11809
omega_Cl,0.013429,-0.071295,0.00073842,-0.016549,1,0.0004253,0.0085185,0.0022451,-0.035947
omega_V1,-0.0055288,0.00014597,-0.12122,0.057373,0.0004253,1,-0.054408,-0.11224,-0.10571
omega_Q,-0.011787,0.0061857,-0.16312,0.35854,0.0085185,-0.054408,1,-0.21501,-0.14303
omega_V2,0.015749,-0.0041566,0.20878,-0.25389,0.0022451,-0.11224,-0.21501,1,0.051916
a,0.0012104,0.0043436,0.03232,-0.11809,-0.035947,-0.10571,-0.14303,0.051916,1
