Cl_pop,16.469,-0.70962,0.112,-0.46097,0.0023649,-0.0017675,-0.016009,0.013989,0.0010213
beta_Cl_tSCRMGDL,-0.70962,0.033725,-0.0026037,0.009813,-0.00056817,2.1117e-6,0.00038018,-0.00016707,0.00016585
V1_pop,0.112,-0.0026037,5.1282,-1.6538,7.2565e-5,-0.021624,-0.12363,0.10348,0.015217
V2_pop,-0.46097,0.009813,-1.6538,14.643,-0.002748,0.017295,0.45917,-0.21264,-0.093955
omega_Cl,0.0023649,-0.00056817,7.2565e-5,-0.002748,0.0018831,1.4539e-6,0.00012372,2.1324e-5,-0.00032433
omega_V1,-0.0017675,2.1117e-6,-0.021624,0.017295,1.4539e-6,0.0062056,-0.0014344,-0.0019352,-0.0017313
omega_Q,-0.016009,0.00038018,-0.12363,0.45917,0.00012372,-0.0014344,0.11201,-0.01575,-0.0099525
omega_V2,0.013989,-0.00016707,0.10348,-0.21264,2.1324e-5,-0.0019352,-0.01575,0.047905,0.0023625
a,0.0010213,0.00016585,0.015217,-0.093955,-0.00032433,-0.0017313,-0.0099525,0.0023625,0.043229
