Cl_pop,1,-0.95384,0.014116,-0.033589,0.0016614,0.0050627,-0.023754,-0.0034807,0.024233
beta_Cl_tSCRMGDL,-0.95384,1,-0.010115,0.018933,-0.0024064,-0.0071745,0.017581,0.0057789,-0.015628
V1_pop,0.014116,-0.010115,1,-0.21111,-0.01776,-0.2347,-0.35727,0.21819,0.16097
V2_pop,-0.033589,0.018933,-0.21111,1,0.0018918,0.017513,0.41306,-0.17046,-0.15923
omega_Cl,0.0016614,-0.0024064,-0.01776,0.0018918,1,-0.0076553,0.033174,-0.021088,-0.03661
omega_V1,0.0050627,-0.0071745,-0.2347,0.017513,-0.0076553,1,-0.041636,-0.081686,-0.056881
omega_Q,-0.023754,0.017581,-0.35727,0.41306,0.033174,-0.041636,1,-0.27479,-0.16778
omega_V2,-0.0034807,0.0057789,0.21819,-0.17046,-0.021088,-0.081686,-0.27479,1,0.047497
a,0.024233,-0.015628,0.16097,-0.15923,-0.03661,-0.056881,-0.16778,0.047497,1
