Cl_pop,16.469,-0.70903,0.13478,-0.54515,0.00029129,0.0013171,-0.028697,-0.0031837,0.021329
beta_Cl_tSCRMGDL,-0.70903,0.033551,-0.0043589,0.013869,-1.9043e-5,-8.4244e-5,0.00095862,0.00023858,-0.00062085
V1_pop,0.13478,-0.0043589,5.5354,-1.9864,-0.0018052,-0.035398,-0.25022,0.1157,0.082141
V2_pop,-0.54515,0.013869,-1.9864,15.994,0.00032686,0.0044899,0.49176,-0.15365,-0.13811
omega_Cl,0.00029129,-1.9043e-5,-0.0018052,0.00032686,0.0018665,-2.1201e-5,0.00042665,-0.00020534,-0.00034303
omega_V1,0.0013171,-8.4244e-5,-0.035398,0.0044899,-2.1201e-5,0.0041095,-0.00079455,-0.0011803,-0.00079084
omega_Q,-0.028697,0.00095862,-0.25022,0.49176,0.00042665,-0.00079455,0.088618,-0.018437,-0.010833
omega_V2,-0.0031837,0.00023858,0.1157,-0.15365,-0.00020534,-0.0011803,-0.018437,0.050801,0.0023218
a,0.021329,-0.00062085,0.082141,-0.13811,-0.00034303,-0.00079084,-0.010833,0.0023218,0.047039
