Cl_pop,16.453,-0.70832,0.18003,-0.44652,9.7564e-5,0.00044622,-0.031128,0.0066606,0.019353
beta_Cl_tSCRMGDL,-0.70832,0.033528,-0.005248,0.0072711,-2.052e-5,-6.7244e-5,0.00094423,7.3654e-5,-0.00055751
V1_pop,0.18003,-0.005248,5.4481,-1.8481,0.00060597,-0.050884,-0.20726,0.1293,0.065493
V2_pop,-0.44652,0.0072711,-1.8481,16.435,-0.0021123,0.0066128,0.45663,-0.31059,-0.14619
omega_Cl,9.7564e-5,-2.052e-5,0.00060597,-0.0021123,0.0018038,-5.062e-5,0.0001759,-0.00011511,2.5829e-6
omega_V1,0.00044622,-6.7244e-5,-0.050884,0.0066128,-5.062e-5,0.0046526,-0.000796,-0.0019034,-0.00032299
omega_Q,-0.031128,0.00094423,-0.20726,0.45663,0.0001759,-0.000796,0.082364,-0.023438,-0.012319
omega_V2,0.0066606,7.3654e-5,0.1293,-0.31059,-0.00011511,-0.0019034,-0.023438,0.06358,0.0037524
a,0.019353,-0.00055751,0.065493,-0.14619,2.5829e-6,-0.00032299,-0.012319,0.0037524,0.041646
