Cl_pop,1,-0.95377,0.0041204,-0.031138,0.0086878,-0.0080654,-0.012613,-0.01684,0.027044
beta_Cl_tSCRMGDL,-0.95377,1,-0.0010601,0.016712,-0.0046645,0.0024705,0.010251,0.016376,-0.017653
V1_pop,0.0041204,-0.0010601,1,-0.15485,0.0099999,-0.27809,-0.1053,0.19138,0.089085
V2_pop,-0.031138,0.016712,-0.15485,1,-0.017841,0.054556,0.35405,-0.085059,-0.22148
omega_Cl,0.0086878,-0.0046645,0.0099999,-0.017841,1,-0.022839,0.0095393,-0.0034076,0.0023673
omega_V1,-0.0080654,0.0024705,-0.27809,0.054556,-0.022839,1,-0.11462,-0.23046,-0.025485
omega_Q,-0.012613,0.010251,-0.1053,0.35405,0.0095393,-0.11462,1,-0.07528,-0.22413
omega_V2,-0.01684,0.016376,0.19138,-0.085059,-0.0034076,-0.23046,-0.07528,1,0.023483
a,0.027044,-0.017653,0.089085,-0.22148,0.0023673,-0.025485,-0.22413,0.023483,1
