Cl_pop,1,-0.82831,0.0010185,-0.019836,0.035572,-0.0059364,-0.00089307,0.001318,-0.00054037
beta_Cl_tSCRMGDL,-0.82831,1,0.014135,-0.0032587,-0.52776,0.026436,-0.031938,0.0057422,0.035485
V1_pop,0.0010185,0.014135,1,-0.29079,-0.019544,0.15173,-0.33103,0.12844,0.11476
V2_pop,-0.019836,-0.0032587,-0.29079,1,0.012694,-0.2314,0.50144,-0.16573,-0.1586
omega_Cl,0.035572,-0.52776,-0.019544,0.012694,1,-0.04027,0.055804,-0.0017568,-0.071641
omega_V1,-0.0059364,0.026436,0.15173,-0.2314,-0.04027,1,-0.43879,-0.090907,0.016699
omega_Q,-0.00089307,-0.031938,-0.33103,0.50144,0.055804,-0.43879,1,-0.065463,-0.14529
omega_V2,0.001318,0.0057422,0.12844,-0.16573,-0.0017568,-0.090907,-0.065463,1,0.027537
a,-0.00054037,0.035485,0.11476,-0.1586,-0.071641,0.016699,-0.14529,0.027537,1
