Cl_pop,16.453,-0.72405,0.0098798,-0.33607,0.0090517,-0.0021933,-0.0015583,0.0011672,-0.00044541
beta_Cl_tSCRMGDL,-0.72405,0.04644,0.0072848,-0.0029331,-0.0071348,0.00051889,-0.0029606,0.00027016,0.0015539
V1_pop,0.0098798,0.0072848,5.7194,-2.9047,-0.0029322,0.033051,-0.34055,0.067062,0.055768
V2_pop,-0.33607,-0.0029331,-2.9047,17.445,0.0033262,-0.088033,0.90093,-0.15113,-0.13461
omega_Cl,0.0090517,-0.0071348,-0.0029322,0.0033262,0.0039354,-0.0002301,0.0015059,-2.4061e-5,-0.00091327
omega_V1,-0.0021933,0.00051889,0.033051,-0.088033,-0.0002301,0.0082962,-0.017192,-0.0018077,0.00030907
omega_Q,-0.0015583,-0.0029606,-0.34055,0.90093,0.0015059,-0.017192,0.18504,-0.0061479,-0.0127
omega_V2,0.0011672,0.00027016,0.067062,-0.15113,-2.4061e-5,-0.0018077,-0.0061479,0.047664,0.0012217
a,-0.00044541,0.0015539,0.055768,-0.13461,-0.00091327,0.00030907,-0.0127,0.0012217,0.041293
