Cl_pop,49.805,-0.92247,-0.058828,-0.73545,0.33365,-0.011519,0.061872,-0.022706,0.054895
beta_Cl_tSCRMGDL,-0.92247,0.03362,-0.0026727,0.0073826,0.0002323,-0.00010919,0.00058298,0.000449,-0.00055105
V1_pop,-0.058828,-0.0026727,5.0938,-3.5409,-0.0038981,0.026502,-0.47972,0.10669,0.037974
V2_pop,-0.73545,0.0073826,-3.5409,40.662,0.0089039,-0.37611,4.9269,-0.65027,-0.1869
omega_Cl,0.33365,0.0002323,-0.0038981,0.0089039,0.0052879,-0.00035093,0.0032833,-0.00053458,0.00021819
omega_V1,-0.011519,-0.00010919,0.026502,-0.37611,-0.00035093,0.011884,-0.066621,0.0046785,-0.00080147
omega_Q,0.061872,0.00058298,-0.47972,4.9269,0.0032833,-0.066621,0.86461,-0.10088,-0.011707
omega_V2,-0.022706,0.000449,0.10669,-0.65027,-0.00053458,0.0046785,-0.10088,0.063391,0.0030297
a,0.054895,-0.00055105,0.037974,-0.1869,0.00021819,-0.00080147,-0.011707,0.0030297,0.045694
