Cl_pop,1,0.041349,-0.03185,-0.057141,0.04296,nan,0.035276,0.03522,-0.042439,0.035878,0.011961,-0.021571,0.018038
V1_pop,0.041349,1,-0.93487,-0.89826,0.93874,nan,0.22889,0.92755,-0.91589,0.43796,0.71373,-0.0082105,0.076954
Q2_pop,-0.03185,-0.93487,1,0.8338,-0.88297,nan,-0.21108,-0.88819,0.84152,-0.42256,-0.69319,0.020053,-0.034925
V2_pop,-0.057141,-0.89826,0.8338,1,-0.90496,nan,-0.22968,-0.8702,0.90914,-0.4531,-0.65026,0.0010844,-0.12667
Q3_pop,0.04296,0.93874,-0.88297,-0.90496,1,nan,0.25041,0.93207,-0.94654,0.36772,0.72588,0.046393,0.082853
V3_pop,nan,nan,nan,nan,nan,nan,nan,nan,nan,nan,nan,nan,nan
omega_Cl,0.035276,0.22889,-0.21108,-0.22968,0.25041,nan,1,0.22626,-0.23066,0.090903,0.16829,0.0079947,0.0096082
omega_V1,0.03522,0.92755,-0.88819,-0.8702,0.93207,nan,0.22626,1,-0.91827,0.35017,0.70897,-0.026252,0.067418
omega_Q2,-0.042439,-0.91589,0.84152,0.90914,-0.94654,nan,-0.23066,-0.91827,1,-0.37209,-0.66516,-0.0315,-0.11443
omega_V2,0.035878,0.43796,-0.42256,-0.4531,0.36772,nan,0.090903,0.35017,-0.37209,1,0.26413,-0.089527,0.028194
omega_Q3,0.011961,0.71373,-0.69319,-0.65026,0.72588,nan,0.16829,0.70897,-0.66516,0.26413,1,0.0564,0.059044
omega_V3,-0.021571,-0.0082105,0.020053,0.0010844,0.046393,nan,0.0079947,-0.026252,-0.0315,-0.089527,0.0564,1,-0.069331
a,0.018038,0.076954,-0.034925,-0.12667,0.082853,nan,0.0096082,0.067418,-0.11443,0.028194,0.059044,-0.069331,1
