Cl_pop,1,0.0060626,0.0031755,-0.033236,-0.95961,-0.18678,0,0,0,0,nan,nan,0
V1_pop,0.0060626,1,-0.42923,-0.28271,-0.0062512,0.039095,0,0,0,0,nan,nan,0
Q2_pop,0.0031755,-0.42923,1,0.28268,0.0077856,-0.12283,0,0,0,0,nan,nan,0
V2_pop,-0.033236,-0.28271,0.28268,1,0.0067164,0.13597,0,0,0,0,nan,nan,0
Q3_pop,-0.95961,-0.0062512,0.0077856,0.0067164,1,0.058492,0,0,0,0,nan,nan,0
V3_pop,-0.18678,0.039095,-0.12283,0.13597,0.058492,1,0,0,0,0,nan,nan,0
omega_Cl,0,0,0,0,0,0,1,0.00056621,0.0012312,0.00027925,nan,nan,-0.018122
omega_V1,0,0,0,0,0,0,0.00056621,1,-0.14334,-0.048337,nan,nan,-0.03512
omega_Q2,0,0,0,0,0,0,0.0012312,-0.14334,1,-0.053629,nan,nan,-0.074514
omega_V2,0,0,0,0,0,0,0.00027925,-0.048337,-0.053629,1,nan,nan,-0.067945
omega_Q3,nan,nan,nan,nan,nan,nan,nan,nan,nan,nan,nan,nan,nan
omega_V3,nan,nan,nan,nan,nan,nan,nan,nan,nan,nan,nan,nan,nan
a,0,0,0,0,0,0,-0.018122,-0.03512,-0.074514,-0.067945,nan,nan,1
