Cl_pop,1,-0.95456,0.012625,0.0014868,0,0,0,0,0
beta_Cl_tSCRMGDL,-0.95456,1,-0.0077313,-0.0021517,0,0,0,0,0
V1_pop,0.012625,-0.0077313,1,-0.13989,0,0,0,0,0
V2_pop,0.0014868,-0.0021517,-0.13989,1,0,0,0,0,0
omega_Cl,0,0,0,0,1,0.00090717,0.0020958,0.00013184,-0.027494
omega_V1,0,0,0,0,0.00090717,1,-0.1118,-0.028216,-0.042471
omega_Q,0,0,0,0,0.0020958,-0.1118,1,-0.034885,-0.085556
omega_V2,0,0,0,0,0.00013184,-0.028216,-0.034885,1,-0.091087
a,0,0,0,0,-0.027494,-0.042471,-0.085556,-0.091087,1
