Cl_pop,16.555,-0.71239,0.38491,-0.56537,0.002978,-0.0071017,-0.023841,0.0087109,0.012922
beta_Cl_tSCRMGDL,-0.71239,0.033707,-0.0069493,0.0073414,-0.0001044,0.00018798,0.00022512,0.00012723,-9.3448e-5
V1_pop,0.38491,-0.0069493,12.01,-6.971,-0.0015364,-0.22133,-0.48277,0.31315,0.11551
V2_pop,-0.56537,0.0073414,-6.971,20.608,0.00087045,-0.027634,0.97545,-0.46526,-0.14407
omega_Cl,0.002978,-0.0001044,-0.0015364,0.00087045,0.0018296,-5.2388e-6,0.00031894,-8.4445e-5,-0.00028366
omega_V1,-0.0071017,0.00018798,-0.22133,-0.027634,-5.2388e-6,0.015672,-0.013284,-0.0052231,-0.005276
omega_Q,-0.023841,0.00022512,-0.48277,0.97545,0.00031894,-0.013284,0.14026,-0.022313,-0.0057153
omega_V2,0.0087109,0.00012723,0.31315,-0.46526,-8.4445e-5,-0.0052231,-0.022313,0.057585,0.005227
a,0.012922,-9.3448e-5,0.11551,-0.14407,-0.00028366,-0.005276,-0.0057153,0.005227,0.046958
