Cl_pop,nan,nan,nan,nan,nan,nan,nan,nan,nan
beta_Cl_tSCRMGDL,nan,nan,nan,nan,nan,nan,nan,nan,nan
V1_pop,nan,nan,1,-0.35257,0.012943,0.22028,-0.43473,0.19935,0.017974
V2_pop,nan,nan,-0.35257,1,-0.044795,-0.2003,0.52157,-0.32702,-0.050999
omega_Cl,nan,nan,0.012943,-0.044795,1,-0.01283,-0.0035607,0.017329,-0.062424
omega_V1,nan,nan,0.22028,-0.2003,-0.01283,1,-0.42754,-0.043101,-0.10286
omega_Q,nan,nan,-0.43473,0.52157,-0.0035607,-0.42754,1,-0.20029,0.019154
omega_V2,nan,nan,0.19935,-0.32702,0.017329,-0.043101,-0.20029,1,0.041478
a,nan,nan,0.017974,-0.050999,-0.062424,-0.10286,0.019154,0.041478,1
