Cl_pop,nan,nan,nan,nan,nan,nan,nan,nan,nan
beta_Cl_tSCRMGDL,nan,nan,nan,nan,nan,nan,nan,nan,nan
V1_pop,nan,nan,6.8549,-3.8968,0.00059253,0.056235,-0.48155,0.12197,0.010055
V2_pop,nan,nan,-3.8968,17.821,-0.0033065,-0.082447,0.93153,-0.32262,-0.045999
omega_Cl,nan,nan,0.00059253,-0.0033065,0.00030574,-2.1874e-5,-2.6341e-5,7.081e-5,-0.00023321
omega_V1,nan,nan,0.056235,-0.082447,-2.1874e-5,0.0095075,-0.017637,-0.00098213,-0.0021429
omega_Q,nan,nan,-0.48155,0.93153,-2.6341e-5,-0.017637,0.17899,-0.019803,0.0017314
omega_V2,nan,nan,0.12197,-0.32262,7.081e-5,-0.00098213,-0.019803,0.054612,0.002071
a,nan,nan,0.010055,-0.045999,-0.00023321,-0.0021429,0.0017314,0.002071,0.04565
