Cl_pop,1,-0.95371,0.0098888,-0.014689,0.017325,-0.011715,0.00035233,0.0013461,0.0061975
beta_Cl_tSCRMGDL,-0.95371,1,-0.0017854,-0.00023832,-0.017123,0.0095457,-0.0050532,0.004751,0.0020167
V1_pop,0.0098888,-0.0017854,1,-0.35065,-0.001923,-0.11878,-0.33725,0.21279,0.10337
V2_pop,-0.014689,-0.00023832,-0.35065,1,-0.0026245,-0.30085,0.61069,-0.26506,-0.1269
omega_Cl,0.017325,-0.017123,-0.001923,-0.0026245,1,-0.010119,0.018279,-0.0082377,-0.024212
omega_V1,-0.011715,0.0095457,-0.11878,-0.30085,-0.010119,1,-0.52881,-0.056736,-0.096935
omega_Q,0.00035233,-0.0050532,-0.33725,0.61069,0.018279,-0.52881,1,-0.19345,-0.086586
omega_V2,0.0013461,0.004751,0.21279,-0.26506,-0.0082377,-0.056736,-0.19345,1,0.072243
a,0.0061975,0.0020167,0.10337,-0.1269,-0.024212,-0.096935,-0.086586,0.072243,1
