Cl_pop,1,-0.83755,0.001584,-0.018869,-0.45038,0.01237,-0.030433,0.0012166,0.010278
beta_Cl_tSCRMGDL,-0.83755,1,0.0013353,-0.00039692,-0.030046,0.0081169,-0.012306,0.011109,0.0026072
V1_pop,0.001584,0.0013353,1,-0.20806,-0.00029938,-0.019115,-0.21126,0.19207,0.073685
V2_pop,-0.018869,-0.00039692,-0.20806,1,0.026184,-0.19291,0.57706,-0.23228,-0.1309
omega_Cl,-0.45038,-0.030046,-0.00029938,0.026184,1,-0.052289,0.095135,-0.012163,-0.039608
omega_V1,0.01237,0.0081169,-0.019115,-0.19291,-0.052289,1,-0.34313,-0.0034091,-0.018818
omega_Q,-0.030433,-0.012306,-0.21126,0.57706,0.095135,-0.34313,1,-0.25053,-0.1464
omega_V2,0.0012166,0.011109,0.19207,-0.23228,-0.012163,-0.0034091,-0.25053,1,0.049677
a,0.010278,0.0026072,0.073685,-0.1309,-0.039608,-0.018818,-0.1464,0.049677,1
