Cl_pop,1,-0.85824,-0.0085189,-0.0019937,0.02452,-0.019871,0.017733,-0.0071687,-0.0045199
beta_Cl_tSCRMGDL,-0.85824,1,0.019009,-0.015273,-0.45906,0.033542,-0.041004,0.011076,0.025316
V1_pop,-0.0085189,0.019009,1,-0.37837,-0.0086639,0.19755,-0.42204,0.20224,0.068213
V2_pop,-0.0019937,-0.015273,-0.37837,1,0.00014443,-0.25983,0.65904,-0.38302,-0.11737
omega_Cl,0.02452,-0.45906,-0.0086639,0.00014443,1,-0.030043,0.032526,0.0086635,-0.058618
omega_V1,-0.019871,0.033542,0.19755,-0.25983,-0.030043,1,-0.41834,0.010149,-0.067734
omega_Q,0.017733,-0.041004,-0.42204,0.65904,0.032526,-0.41834,1,-0.31375,-0.088667
omega_V2,-0.0071687,0.011076,0.20224,-0.38302,0.0086635,0.010149,-0.31375,1,0.087892
a,-0.0045199,0.025316,0.068213,-0.11737,-0.058618,-0.067734,-0.088667,0.087892,1
