Cl_pop,16.497,-0.71047,0.02104,-0.3718,0.0015502,-0.0033282,-0.010581,0.0046903,0.0070147
beta_Cl_tSCRMGDL,-0.71047,0.033636,0.0013156,0.0052742,-5.8291e-5,0.00017537,0.00015885,1.3369e-5,-8.6111e-5
V1_pop,0.02104,0.0013156,5.7431,-1.7404,-0.00011154,0.03104,-0.064966,0.064969,0.026957
V2_pop,-0.3718,0.0052742,-1.7404,13.99,-0.00064742,-0.036438,0.44753,-0.13173,-0.12728
omega_Cl,0.0015502,-5.8291e-5,-0.00011154,-0.00064742,0.0018584,-7.0561e-5,0.00048576,3.1977e-5,-0.00025353
omega_V1,-0.0033282,0.00017537,0.03104,-0.036438,-7.0561e-5,0.0077166,-0.0088198,-0.0024513,-0.00010151
omega_Q,-0.010581,0.00015885,-0.064966,0.44753,0.00048576,-0.0088198,0.11644,-0.0043866,-0.011863
omega_V2,0.0046903,1.3369e-5,0.064969,-0.13173,3.1977e-5,-0.0024513,-0.0043866,0.047513,0.0022925
a,0.0070147,-8.6111e-5,0.026957,-0.12728,-0.00025353,-0.00010151,-0.011863,0.0022925,0.041296
