Cl_pop,nan,nan,nan,nan,nan,nan,nan,nan,nan
beta_Cl_tSCRMGDL,nan,1,-0.0301,-0.0061387,0.9935,-0.058533,0.078066,0.025163,-0.018219
V1_pop,nan,-0.0301,1,-0.27891,-0.033189,0.079466,-0.33486,0.19858,0.10383
V2_pop,nan,-0.0061387,-0.27891,1,0.0010284,-0.081186,0.46205,-0.18967,-0.23029
omega_Cl,nan,0.9935,-0.033189,0.0010284,1,-0.058445,0.082137,0.021998,-0.026621
omega_V1,nan,-0.058533,0.079466,-0.081186,-0.058445,1,-0.26355,-0.12424,-0.018332
omega_Q,nan,0.078066,-0.33486,0.46205,0.082137,-0.26355,1,-0.18736,-0.20817
omega_V2,nan,0.025163,0.19858,-0.18967,0.021998,-0.12424,-0.18736,1,0.080252
a,nan,-0.018219,0.10383,-0.23029,-0.026621,-0.018332,-0.20817,0.080252,1
