Cl_pop,nan,nan,nan,nan,nan,nan,nan,nan,nan
beta_Cl_tSCRMGDL,nan,0.23524,-0.034839,-0.011855,0.076998,-0.0023535,0.015063,0.0027944,-0.0019041
V1_pop,nan,-0.034839,5.6952,-2.6503,-0.012656,0.015722,-0.31792,0.10851,0.053393
V2_pop,nan,-0.011855,-2.6503,15.855,0.00065433,-0.026799,0.73192,-0.17292,-0.19759
omega_Cl,nan,0.076998,-0.012656,0.00065433,0.025534,-0.00077423,0.0052216,0.00080486,-0.00091663
omega_V1,nan,-0.0023535,0.015722,-0.026799,-0.00077423,0.0068727,-0.008692,-0.0023583,-0.00032748
omega_Q,nan,0.015063,-0.31792,0.73192,0.0052216,-0.008692,0.15827,-0.017066,-0.017845
omega_V2,nan,0.0027944,0.10851,-0.17292,0.00080486,-0.0023583,-0.017066,0.052425,0.0039595
a,nan,-0.0019041,0.053393,-0.19759,-0.00091663,-0.00032748,-0.017845,0.0039595,0.046433
