Cl_pop,1,-0.95364,0.010979,-0.02967,-0.00045594,0.0066231,-0.022459,0.0068895,0.018785
beta_Cl_tSCRMGDL,-0.95364,1,-0.0064186,0.010621,-0.006664,-0.0065897,0.012353,0.0035162,-0.0085724
V1_pop,0.010979,-0.0064186,1,-0.21821,-0.0035821,-0.11898,-0.14119,0.17446,0.073638
V2_pop,-0.02967,0.010621,-0.21821,1,-0.0047196,-0.044181,0.46572,-0.60536,-0.22585
omega_Cl,-0.00045594,-0.006664,-0.0035821,-0.0047196,1,-0.015612,0.012036,-0.0069886,-0.050124
omega_V1,0.0066231,-0.0065897,-0.11898,-0.044181,-0.015612,1,-0.16599,-0.049495,0.050335
omega_Q,-0.022459,0.012353,-0.14119,0.46572,0.012036,-0.16599,1,-0.30399,-0.20165
omega_V2,0.0068895,0.0035162,0.17446,-0.60536,-0.0069886,-0.049495,-0.30399,1,0.10233
a,0.018785,-0.0085724,0.073638,-0.22585,-0.050124,0.050335,-0.20165,0.10233,1
