Cl_pop,1,-0.95394,0.028209,-0.043528,0.012026,0.017242,-0.039118,0.017055,0.013708
beta_Cl_tSCRMGDL,-0.95394,1,-0.021183,0.026329,-0.0086859,-0.014762,0.02976,-0.010506,-0.0083548
V1_pop,0.028209,-0.021183,1,-0.34614,-0.019894,0.11949,-0.45806,0.27784,0.044364
V2_pop,-0.043528,0.026329,-0.34614,1,0.007403,-0.14365,0.50281,-0.3048,-0.10467
omega_Cl,0.012026,-0.0086859,-0.019894,0.007403,1,-0.024209,0.034989,-0.0072971,-0.018942
omega_V1,0.017242,-0.014762,0.11949,-0.14365,-0.024209,1,-0.32288,-0.011011,-0.0098451
omega_Q,-0.039118,0.02976,-0.45806,0.50281,0.034989,-0.32288,1,-0.2974,-0.051302
omega_V2,0.017055,-0.010506,0.27784,-0.3048,-0.0072971,-0.011011,-0.2974,1,-0.016246
a,0.013708,-0.0083548,0.044364,-0.10467,-0.018942,-0.0098451,-0.051302,-0.016246,1
