Cl_pop,1,-0.95411,-0.00057417,-0.0039642,0.012761,-0.0038367,0.0026201,-0.0040603,0.0084628
beta_Cl_tSCRMGDL,-0.95411,1,0.00059258,-0.0050829,-0.012757,0.004208,-0.0096194,0.0093114,-0.002873
V1_pop,-0.00057417,0.00059258,1,-0.1096,-0.00026393,0.043248,-0.06868,0.1565,-0.10588
V2_pop,-0.0039642,-0.0050829,-0.1096,1,-0.0010449,-0.13651,0.50252,-0.42271,-0.14711
omega_Cl,0.012761,-0.012757,-0.00026393,-0.0010449,1,-0.017983,0.012182,0.0066615,-0.0015202
omega_V1,-0.0038367,0.004208,0.043248,-0.13651,-0.017983,1,-0.35777,-0.027656,0.00031232
omega_Q,0.0026201,-0.0096194,-0.06868,0.50252,0.012182,-0.35777,1,-0.25853,-0.11408
omega_V2,-0.0040603,0.0093114,0.1565,-0.42271,0.0066615,-0.027656,-0.25853,1,0.051818
a,0.0084628,-0.002873,-0.10588,-0.14711,-0.0015202,0.00031232,-0.11408,0.051818,1
