Cl_pop,16.037,-0.69281,-0.004997,-0.062522,0.0020939,-0.0011665,0.0037227,-0.0034929,0.0018472
beta_Cl_tSCRMGDL,-0.69281,0.032879,0.00023352,-0.0036299,-9.4784e-5,5.7933e-5,-0.00061886,0.00036271,-2.8395e-5
V1_pop,-0.004997,0.00023352,4.723,-0.93809,-2.3502e-5,0.0071363,-0.052957,0.073064,-0.012541
V2_pop,-0.062522,-0.0036299,-0.93809,15.511,-0.00016861,-0.040821,0.70218,-0.35764,-0.03158
omega_Cl,0.0020939,-9.4784e-5,-2.3502e-5,-0.00016861,0.0016789,-5.5946e-5,0.00017709,5.8636e-5,-3.3952e-6
omega_V1,-0.0011665,5.7933e-5,0.0071363,-0.040821,-5.5946e-5,0.0057647,-0.0096377,-0.00045109,1.2925e-6
omega_Q,0.0037227,-0.00061886,-0.052957,0.70218,0.00017709,-0.0096377,0.12588,-0.019705,-0.0022062
omega_V2,-0.0034929,0.00036271,0.073064,-0.35764,5.8636e-5,-0.00045109,-0.019705,0.046148,0.00060674
a,0.0018472,-2.8395e-5,-0.012541,-0.03158,-3.3952e-6,1.2925e-6,-0.0022062,0.00060674,0.0029709
