Cl_pop,1,-0.94647,-0.012756,-0.0026668,0.012928,-0.021921,0.018698,0.0062106,-0.0030511
beta_Cl_tSCRMGDL,-0.94647,1,0.020054,-0.012855,-0.13667,0.02617,-0.027127,0.0039047,0.0072019
V1_pop,-0.012756,0.020054,1,-0.41786,-0.025291,0.43732,-0.53611,0.1482,0.059164
V2_pop,-0.0026668,-0.012855,-0.41786,1,0.0077295,-0.36809,0.56309,-0.30201,-0.082886
omega_Cl,0.012928,-0.13667,-0.025291,0.0077295,1,-0.030457,0.037725,-0.0025156,-0.02174
omega_V1,-0.021921,0.02617,0.43732,-0.36809,-0.030457,1,-0.62445,-0.050115,-0.073394
omega_Q,0.018698,-0.027127,-0.53611,0.56309,0.037725,-0.62445,1,-0.15645,-0.02378
omega_V2,0.0062106,0.0039047,0.1482,-0.30201,-0.0025156,-0.050115,-0.15645,1,0.053773
a,-0.0030511,0.0072019,0.059164,-0.082886,-0.02174,-0.073394,-0.02378,0.053773,1
