Cl_pop,1,-0.95367,0.012887,-0.03525,0.020398,-0.0040772,-0.018818,0.0096675,0.017139
beta_Cl_tSCRMGDL,-0.95367,1,-0.0092837,0.020693,-0.012916,-0.00088326,0.017603,-0.0027227,-0.011603
V1_pop,0.012887,-0.0092837,1,-0.28871,0.0057536,0.019585,-0.31797,0.30029,0.11022
V2_pop,-0.03525,0.020693,-0.28871,1,-0.025379,0.025228,0.42274,-0.35324,-0.19027
omega_Cl,0.020398,-0.012916,0.0057536,-0.025379,1,-0.0093104,-0.0015319,0.002927,-0.0064129
omega_V1,-0.0040772,-0.00088326,0.019585,0.025228,-0.0093104,1,-0.089435,-0.13595,-0.049986
omega_Q,-0.018818,0.017603,-0.31797,0.42274,-0.0015319,-0.089435,1,-0.30658,-0.21811
omega_V2,0.0096675,-0.0027227,0.30029,-0.35324,0.002927,-0.13595,-0.30658,1,0.086262
a,0.017139,-0.011603,0.11022,-0.19027,-0.0064129,-0.049986,-0.21811,0.086262,1
