Cl_pop,16.466,-0.70813,0.12595,-0.58289,0.0035361,-0.0012303,-0.026815,0.010994,0.014149
beta_Cl_tSCRMGDL,-0.70813,0.033484,-0.0040917,0.01543,-0.00010097,-1.2019e-5,0.0011311,-0.00013963,-0.00043195
V1_pop,0.12595,-0.0040917,5.8013,-2.8337,0.00059203,0.0035079,-0.26894,0.2027,0.054006
V2_pop,-0.58289,0.01543,-2.8337,16.606,-0.0044182,0.0076448,0.60492,-0.40342,-0.15773
omega_Cl,0.0035361,-0.00010097,0.00059203,-0.0044182,0.0018251,-2.9578e-5,-2.2982e-5,3.5045e-5,-5.5735e-5
omega_V1,-0.0012303,-1.2019e-5,0.0035079,0.0076448,-2.9578e-5,0.0055301,-0.0023355,-0.0028334,-0.00075622
omega_Q,-0.026815,0.0011311,-0.26894,0.60492,-2.2982e-5,-0.0023355,0.12331,-0.030172,-0.015582
omega_V2,0.010994,-0.00013963,0.2027,-0.40342,3.5045e-5,-0.0028334,-0.030172,0.078545,0.0049183
a,0.014149,-0.00043195,0.054006,-0.15773,-5.5735e-5,-0.00075622,-0.015582,0.0049183,0.041388
