Cl_pop,16.403,-0.7066,-0.061903,-0.10946,0.0016902,-0.0036664,0.026329,-0.004392,0.0042778
beta_Cl_tSCRMGDL,-0.7066,0.033468,0.0042481,-0.0047271,-5.0374e-5,0.00016019,-0.0015844,0.00031402,1.1972e-5
V1_pop,-0.061903,0.0042481,5.656,-2.0133,-0.00088935,0.02804,-0.32369,0.035974,0.030117
V2_pop,-0.10946,-0.0047271,-2.0133,13.984,-0.0019333,-0.045615,0.64399,-0.014048,-0.10507
omega_Cl,0.0016902,-5.0374e-5,-0.00088935,-0.0019333,0.0019202,-6.3452e-5,0.00032275,-8.7813e-5,-0.00024638
omega_V1,-0.0036664,0.00016019,0.02804,-0.045615,-6.3452e-5,0.0068634,-0.011705,-0.0025406,-0.0007926
omega_Q,0.026329,-0.0015844,-0.32369,0.64399,0.00032275,-0.011705,0.17494,-0.0016421,-0.0083987
omega_V2,-0.004392,0.00031402,0.035974,-0.014048,-8.7813e-5,-0.0025406,-0.0016421,0.045911,0.0011011
a,0.0042778,1.1972e-5,0.030117,-0.10507,-0.00024638,-0.0007926,-0.0083987,0.0011011,0.041608
