Cl_pop,1,-0.95377,0.012742,-0.027011,-0.0071665,0.012713,-0.021796,0.0026314,0.015093
beta_Cl_tSCRMGDL,-0.95377,1,-0.0091384,0.01143,-0.00082983,-0.014357,0.014997,0.0033057,-0.0058365
V1_pop,0.012742,-0.0091384,1,-0.24145,-0.00437,-0.14735,-0.12384,0.1908,0.07043
V2_pop,-0.027011,0.01143,-0.24145,1,-0.0038408,0.018341,0.37393,-0.62527,-0.16588
omega_Cl,-0.0071665,-0.00082983,-0.00437,-0.0038408,1,-0.014329,0.013071,-0.0048599,-0.020665
omega_V1,0.012713,-0.014357,-0.14735,0.018341,-0.014329,1,-0.14083,-0.11828,0.00635
omega_Q,-0.021796,0.014997,-0.12384,0.37393,0.013071,-0.14083,1,-0.151,-0.16539
omega_V2,0.0026314,0.0033057,0.1908,-0.62527,-0.0048599,-0.11828,-0.151,1,0.025808
a,0.015093,-0.0058365,0.07043,-0.16588,-0.020665,0.00635,-0.16539,0.025808,1
