Cl_pop,16.474,-0.70961,0.1148,-0.35912,-0.0012315,0.0035475,-0.041355,0.0025618,0.012112
beta_Cl_tSCRMGDL,-0.70961,0.033602,-0.0037183,0.0068636,-6.4402e-6,-0.00018094,0.0012851,0.00014535,-0.00021153
V1_pop,0.1148,-0.0037183,4.927,-1.7556,-0.00041068,-0.022486,-0.12849,0.10158,0.030909
V2_pop,-0.35912,0.0068636,-1.7556,10.73,-0.00053266,0.0041305,0.5726,-0.49128,-0.10743
omega_Cl,-0.0012315,-6.4402e-6,-0.00041068,-0.00053266,0.0017925,-4.1708e-5,0.0002587,-4.9353e-5,-0.00017298
omega_V1,0.0035475,-0.00018094,-0.022486,0.0041305,-4.1708e-5,0.0047267,-0.0045262,-0.0019506,8.6316e-5
omega_Q,-0.041355,0.0012851,-0.12849,0.5726,0.0002587,-0.0045262,0.21853,-0.016931,-0.015286
omega_V2,0.0025618,0.00014535,0.10158,-0.49128,-4.9353e-5,-0.0019506,-0.016931,0.057534,0.0012239
a,0.012112,-0.00021153,0.030909,-0.10743,-0.00017298,8.6316e-5,-0.015286,0.0012239,0.039091
