Cl_pop,1,-0.95372,0.0079961,-0.0286,0.012092,0.0063383,-0.018712,-0.0019386,0.0051979
beta_Cl_tSCRMGDL,-0.95372,1,-0.0021411,0.013696,-0.0093342,-0.011523,0.016547,0.0091406,-0.0027961
V1_pop,0.0079961,-0.0021411,1,-0.18554,0.00075865,-0.26245,-0.1214,0.24764,0.057162
V2_pop,-0.0286,0.013696,-0.18554,1,-0.017719,0.042525,0.34791,-0.19937,-0.14432
omega_Cl,0.012092,-0.0093342,0.00075865,-0.017719,1,-0.0114,0.0098513,0.0022153,-0.022808
omega_V1,0.0063383,-0.011523,-0.26245,0.042525,-0.0114,1,-0.12382,-0.2023,0.0035547
omega_Q,-0.018712,0.016547,-0.1214,0.34791,0.0098513,-0.12382,1,-0.18062,-0.15065
omega_V2,-0.0019386,0.0091406,0.24764,-0.19937,0.0022153,-0.2023,-0.18062,1,0.071589
a,0.0051979,-0.0027961,0.057162,-0.14432,-0.022808,0.0035547,-0.15065,0.071589,1
