Cl_pop,1,-0.93658,0.0044351,-0.015053,0.018211,-0.019566,0.0037039,0.013046,-0.0019067
beta_Cl_tSCRMGDL,-0.93658,1,0.0081253,-0.0059639,-0.20694,0.022563,-0.021424,0.0023493,0.0093112
V1_pop,0.0044351,0.0081253,1,-0.49948,-0.0089426,0.2278,-0.54745,0.36224,0.026643
V2_pop,-0.015053,-0.0059639,-0.49948,1,0.0030954,-0.25678,0.66712,-0.49039,-0.040507
omega_Cl,0.018211,-0.20694,-0.0089426,0.0030954,1,-0.01884,0.026126,-0.0052065,-0.036879
omega_V1,-0.019566,0.022563,0.2278,-0.25678,-0.01884,1,-0.46807,0.034923,-0.10468
omega_Q,0.0037039,-0.021424,-0.54745,0.66712,0.026126,-0.46807,1,-0.41549,-0.0089691
omega_V2,0.013046,0.0023493,0.36224,-0.49039,-0.0052065,0.034923,-0.41549,1,0.035215
a,-0.0019067,0.0093112,0.026643,-0.040507,-0.036879,-0.10468,-0.0089691,0.035215,1
