Cl_pop,16.427,-0.71015,0.051128,-0.30405,0.0034042,-0.0088921,0.0075618,0.013123,-0.0015596
beta_Cl_tSCRMGDL,-0.71015,0.034999,0.0043236,-0.0055602,-0.0017856,0.00047331,-0.0020188,0.00010907,0.00035155
V1_pop,0.051128,0.0043236,8.0901,-7.0799,-0.0011732,0.072654,-0.78433,0.25569,0.015294
V2_pop,-0.30405,-0.0055602,-7.0799,24.835,0.00071147,-0.14349,1.6746,-0.6065,-0.04074
omega_Cl,0.0034042,-0.0017856,-0.0011732,0.00071147,0.0021273,-9.7438e-5,0.00060698,-5.9594e-5,-0.00034328
omega_V1,-0.0088921,0.00047331,0.072654,-0.14349,-9.7438e-5,0.012573,-0.026438,0.00097182,-0.0023689
omega_Q,0.0075618,-0.0020188,-0.78433,1.6746,0.00060698,-0.026438,0.25373,-0.051939,-0.00091177
omega_V2,0.013123,0.00010907,0.25569,-0.6065,-5.9594e-5,0.00097182,-0.051939,0.061588,0.0017637
a,-0.0015596,0.00035155,0.015294,-0.04074,-0.00034328,-0.0023689,-0.00091177,0.0017637,0.04073
