Cl_pop,22.728,-0.80702,0.075805,-0.53627,0.053888,-0.001764,-0.016025,-0.003242,0.022911
beta_Cl_tSCRMGDL,-0.80702,0.03359,-0.00074341,0.0061563,1.7636e-5,1.0196e-5,0.00034286,0.00030954,-0.00037946
V1_pop,0.075805,-0.00074341,5.6307,-2.562,0.00025916,0.025361,-0.33313,0.11868,0.03954
V2_pop,-0.53627,0.0061563,-2.562,16.584,-0.0035155,-0.065786,0.92382,-0.21071,-0.15683
omega_Cl,0.053888,1.7636e-5,0.00025916,-0.0035155,0.0020959,-3.7191e-5,0.00018403,-2.0147e-5,-3.4689e-5
omega_V1,-0.001764,1.0196e-5,0.025361,-0.065786,-3.7191e-5,0.0067275,-0.014659,-0.00040983,-0.00053207
omega_Q,-0.016025,0.00034286,-0.33313,0.92382,0.00018403,-0.014659,0.19595,-0.025433,-0.012785
omega_V2,-0.003242,0.00030954,0.11868,-0.21071,-2.0147e-5,-0.00040983,-0.025433,0.060128,0.0018289
a,0.022911,-0.00037946,0.03954,-0.15683,-3.4689e-5,-0.00053207,-0.012785,0.0018289,0.04349
