Cl_pop,nan,nan,nan,nan,nan,nan,nan,nan,nan
beta_Cl_tSCRMGDL,nan,1,-0.016894,-0.0061589,0.98227,-0.055183,0.036636,0.04206,-0.052817
V1_pop,nan,-0.016894,1,-0.27956,-0.021562,0.12309,-0.33066,0.17942,0.080666
V2_pop,nan,-0.0061589,-0.27956,1,0.0048082,-0.19883,0.52189,-0.11544,-0.16534
omega_Cl,nan,0.98227,-0.021562,0.0048082,1,-0.055401,0.042019,0.037885,-0.067711
omega_V1,nan,-0.055183,0.12309,-0.19883,-0.055401,1,-0.40645,-0.11951,-0.034082
omega_Q,nan,0.036636,-0.33066,0.52189,0.042019,-0.40645,1,-0.14067,-0.097718
omega_V2,nan,0.04206,0.17942,-0.11544,0.037885,-0.11951,-0.14067,1,0.043021
a,nan,-0.052817,0.080666,-0.16534,-0.067711,-0.034082,-0.097718,0.043021,1
