Cl_pop,nan,nan,nan,nan,nan,nan,nan,nan,nan
beta_Cl_tSCRMGDL,nan,0.086788,-0.011829,-0.0073761,0.029427,-0.0014569,0.0052805,0.0028658,-0.0033443
V1_pop,nan,-0.011829,5.6491,-2.7012,-0.0052116,0.026219,-0.38451,0.098627,0.041208
V2_pop,nan,-0.0073761,-2.7012,16.527,0.0019878,-0.072439,1.038,-0.10854,-0.14447
omega_Cl,nan,0.029427,-0.0052116,0.0019878,0.010342,-0.0005049,0.0020906,0.00089106,-0.00148
omega_V1,nan,-0.0014569,0.026219,-0.072439,-0.0005049,0.0080315,-0.017821,-0.0024771,-0.00065649
omega_Q,nan,0.0052805,-0.38451,1.038,0.0020906,-0.017821,0.23937,-0.015918,-0.010276
omega_V2,nan,0.0028658,0.098627,-0.10854,0.00089106,-0.0024771,-0.015918,0.053492,0.0021386
a,nan,-0.0033443,0.041208,-0.14447,-0.00148,-0.00065649,-0.010276,0.0021386,0.046196
