Cl_pop,16.403,-0.70741,0.041481,-0.26197,0.0015317,-0.00011922,-0.0066834,-9.7958e-5,0.0010796
beta_Cl_tSCRMGDL,-0.70741,0.033863,0.00031816,0.0031372,-0.00086252,5.286e-5,-0.00025894,0.00014787,4.8903e-5
V1_pop,0.041481,0.00031816,7.4094,-4.3681,-0.002107,0.06595,-0.57146,0.12922,0.010394
V2_pop,-0.26197,0.0031372,-4.3681,17.127,0.0017389,-0.09208,1.0195,-0.22325,-0.039865
omega_Cl,0.0015317,-0.00086252,-0.002107,0.0017389,0.0018826,-7.1741e-5,0.00078604,-1.1721e-5,-0.00016232
omega_V1,-0.00011922,5.286e-5,0.06595,-0.09208,-7.1741e-5,0.009116,-0.019922,-0.0016391,-0.0008817
omega_Q,-0.0066834,-0.00025894,-0.57146,1.0195,0.00078604,-0.019922,0.20685,-0.016977,-0.0027545
omega_V2,-9.7958e-5,0.00014787,0.12922,-0.22325,-1.1721e-5,-0.0016391,-0.016977,0.052435,-0.00028441
a,0.0010796,4.8903e-5,0.010394,-0.039865,-0.00016232,-0.0008817,-0.0027545,-0.00028441,0.040347
