Cl_pop,17.478,-0.7537,0.094426,-0.39174,0.001236,0.0066718,-0.065106,-0.012671,0.01492
beta_Cl_tSCRMGDL,-0.7537,0.035993,-0.0014074,0.0044173,-9.5906e-6,-0.00015727,0.001005,0.00066472,-0.00027408
V1_pop,0.094426,-0.0014074,5.8475,-1.831,-0.00014877,0.03503,-0.36886,0.067379,0.052211
V2_pop,-0.39174,0.0044173,-1.831,12.546,-0.002561,-0.068831,0.87088,-0.16417,-0.14065
omega_Cl,0.001236,-9.5906e-6,-0.00014877,-0.002561,0.0020894,-1.8731e-5,0.00020159,-2.6788e-5,-0.00023111
omega_V1,0.0066718,-0.00015727,0.03503,-0.068831,-1.8731e-5,0.0075457,-0.024912,-0.0012211,0.0020219
omega_Q,-0.065106,0.001005,-0.36886,0.87088,0.00020159,-0.024912,0.29155,0.0028455,-0.033112
omega_V2,-0.012671,0.00066472,0.067379,-0.16417,-2.6788e-5,-0.0012211,0.0028455,0.065939,-0.0017926
a,0.01492,-0.00027408,0.052211,-0.14065,-0.00023111,0.0020219,-0.033112,-0.0017926,0.047134
