Cl_pop,1,0.026108,-0.0087479,-0.030032,0.0057042,-0.014998,1.4652e-7,0.015667,0.0035497,0.00073525
V1_pop,0.026108,1,-0.62077,-0.25082,-0.0012962,0.068944,-0.12556,0.28648,-0.1635,0.07371
Q_pop,-0.0087479,-0.62077,1,0.10613,0.0029262,-0.26607,0.16879,-0.12732,0.11847,0.081023
V2_pop,-0.030032,-0.25082,0.10613,1,-0.013415,0.070854,0.21369,-0.18579,-0.060828,-0.055832
omega_Cl,0.0057042,-0.0012962,0.0029262,-0.013415,1,-0.021436,0.010249,0.0028776,0.010928,-0.027387
omega_V1,-0.014998,0.068944,-0.26607,0.070854,-0.021436,1,-0.22095,-0.30314,0.13118,-0.3284
omega_Q,1.4652e-7,-0.12556,0.16879,0.21369,0.010249,-0.22095,1,0.025332,-0.1511,0.090046
omega_V2,0.015667,0.28648,-0.12732,-0.18579,0.0028776,-0.30314,0.025332,1,-0.19721,0.25275
a,0.0035497,-0.1635,0.11847,-0.060828,0.010928,0.13118,-0.1511,-0.19721,1,-0.55965
b,0.00073525,0.07371,0.081023,-0.055832,-0.027387,-0.3284,0.090046,0.25275,-0.55965,1
