Cl_pop,1,-0.95365,0.0058715,-0.025884,0.0086406,-0.00065223,-0.01878,-0.0017178,0.0099941
beta_Cl_tSCRMGDL,-0.95365,1,-0.0024282,0.0101,-0.010034,0.002311,0.009422,0.0060369,-0.0065098
V1_pop,0.0058715,-0.0024282,1,-0.21474,-0.0075461,0.28565,-0.19082,0.11632,0.01702
V2_pop,-0.025884,0.0101,-0.21474,1,-0.0047911,-0.23503,0.47275,-0.13453,-0.065791
omega_Cl,0.0086406,-0.010034,-0.0075461,-0.0047911,1,-0.042918,0.030474,0.0056379,-0.022479
omega_V1,-0.00065223,0.002311,0.28565,-0.23503,-0.042918,1,-0.45716,-0.079597,-0.021371
omega_Q,-0.01878,0.009422,-0.19082,0.47275,0.030474,-0.45716,1,-0.10065,-0.035248
omega_V2,-0.0017178,0.0060369,0.11632,-0.13453,0.0056379,-0.079597,-0.10065,1,-0.011998
a,0.0099941,-0.0065098,0.01702,-0.065791,-0.022479,-0.021371,-0.035248,-0.011998,1
