Cl_pop,16.472,-0.70896,0.056891,-0.39857,0.0014866,-0.00030935,-0.0336,-0.0014824,0.0080693
beta_Cl_tSCRMGDL,-0.70896,0.033552,-0.0010618,0.007019,-7.7915e-5,4.9469e-5,0.00076082,0.00023512,-0.00023721
V1_pop,0.056891,-0.0010618,5.6994,-1.945,-0.00076367,0.079693,-0.20083,0.059043,0.0080836
V2_pop,-0.39857,0.007019,-1.945,14.395,-0.00077056,-0.10421,0.79069,-0.10853,-0.049657
omega_Cl,0.0014866,-7.7915e-5,-0.00076367,-0.00077056,0.001797,-0.00021261,0.00056948,5.0816e-5,-0.00018956
omega_V1,-0.00030935,4.9469e-5,0.079693,-0.10421,-0.00021261,0.013656,-0.023552,-0.0019778,-0.00049683
omega_Q,-0.0336,0.00076082,-0.20083,0.79069,0.00056948,-0.023552,0.19434,-0.0094344,-0.0030912
omega_V2,-0.0014824,0.00023512,0.059043,-0.10853,5.0816e-5,-0.0019778,-0.0094344,0.04521,-0.00050751
a,0.0080693,-0.00023721,0.0080836,-0.049657,-0.00018956,-0.00049683,-0.0030912,-0.00050751,0.039576
