Cl_pop,16.46,-0.70789,0.11575,-0.52227,0.0023384,-4.8079e-5,-0.036473,0.01802,0.0075892
beta_Cl_tSCRMGDL,-0.70789,0.033765,-0.0036268,0.0114,0.00063756,-8.011e-5,0.0015001,-0.00034256,-0.00016846
V1_pop,0.11575,-0.0036268,5.3524,-2.0797,0.00038813,-0.030064,-0.16975,0.21774,0.046714
V2_pop,-0.52227,0.0114,-2.0797,15.593,-0.0037995,0.018108,0.56785,-0.44459,-0.12031
omega_Cl,0.0023384,0.00063756,0.00038813,-0.0037995,0.0018931,-4.1435e-5,9.3951e-6,-4.3951e-5,-0.00020506
omega_V1,-4.8079e-5,-8.011e-5,-0.030064,0.018108,-4.1435e-5,0.0053538,-0.001718,-0.0027603,-0.002267
omega_Q,-0.036473,0.0015001,-0.16975,0.56785,9.3951e-6,-0.001718,0.12864,-0.040768,-0.0072567
omega_V2,0.01802,-0.00034256,0.21774,-0.44459,-4.3951e-5,-0.0027603,-0.040768,0.094287,0.0097867
a,0.0075892,-0.00016846,0.046714,-0.12031,-0.00020506,-0.002267,-0.0072567,0.0097867,0.042366
