Cl_pop,1,-0.95366,-0.0033636,-0.019997,0.015798,-0.0023617,-0.0078374,-0.0063836,0.0063771
beta_Cl_tSCRMGDL,-0.95366,1,0.0021289,0.0072322,-0.011973,0.00028068,0.010629,0.0087894,-0.001029
V1_pop,-0.0033636,0.0021289,1,-0.084689,-0.0029532,0.34701,-0.096584,0.070337,0.019698
V2_pop,-0.019997,0.0072322,-0.084689,1,-0.016258,0.0077913,0.3261,-0.16513,-0.18973
omega_Cl,0.015798,-0.011973,-0.0029532,-0.016258,1,-2.5272e-5,0.021015,-0.0095657,-0.035471
omega_V1,-0.0023617,0.00028068,0.34701,0.0077913,-2.5272e-5,1,-0.034739,-0.1148,-0.031771
omega_Q,-0.0078374,0.010629,-0.096584,0.3261,0.021015,-0.034739,1,-0.1871,-0.22231
omega_V2,-0.0063836,0.0087894,0.070337,-0.16513,-0.0095657,-0.1148,-0.1871,1,0.050219
a,0.0063771,-0.001029,0.019698,-0.18973,-0.035471,-0.031771,-0.22231,0.050219,1
