Cl_pop,16.452,-0.70847,-0.034482,-0.30507,0.0027752,-0.00063683,-0.011479,-0.0058544,0.0055962
beta_Cl_tSCRMGDL,-0.70847,0.033546,0.0009855,0.0049821,-9.498e-5,3.4175e-6,0.00070297,0.00036399,-4.0777e-5
V1_pop,-0.034482,0.0009855,6.388,-0.80507,-0.00032327,0.058305,-0.088147,0.040195,0.010771
V2_pop,-0.30507,0.0049821,-0.80507,14.146,-0.0026484,0.0019481,0.44289,-0.14043,-0.15439
omega_Cl,0.0027752,-9.498e-5,-0.00032327,-0.0026484,0.0018758,-7.2763e-8,0.00032866,-9.3673e-5,-0.00033238
omega_V1,-0.00063683,3.4175e-6,0.058305,0.0019481,-7.2763e-8,0.0044194,-0.0008339,-0.0017255,-0.00045696
omega_Q,-0.011479,0.00070297,-0.088147,0.44289,0.00032866,-0.0008339,0.13039,-0.015276,-0.017368
omega_V2,-0.0058544,0.00036399,0.040195,-0.14043,-9.3673e-5,-0.0017255,-0.015276,0.051122,0.0024566
a,0.0055962,-4.0777e-5,0.010771,-0.15439,-0.00033238,-0.00045696,-0.017368,0.0024566,0.046809
