Cl_pop,61.386,-0.92256,0.10449,-1.123,0.48798,-0.0032084,0.081131,-0.030835,0.049474
beta_Cl_tSCRMGDL,-0.92256,0.033544,-0.0034201,0.0080898,0.00030495,-1.3003e-6,0.00047544,0.00025815,-0.00036611
V1_pop,0.10449,-0.0034201,5.3069,-1.3946,-0.00073149,-0.024448,-0.097834,0.12001,0.0047025
V2_pop,-1.123,0.0080898,-1.3946,13.145,-0.0088387,0.010651,0.33893,-0.1657,-0.087901
omega_Cl,0.48798,0.00030495,-0.00073149,-0.0088387,0.0073864,-1.8404e-5,0.0014196,-0.00049177,0.00029584
omega_V1,-0.0032084,-1.3003e-6,-0.024448,0.010651,-1.8404e-5,0.0056461,-0.0011739,-0.0025372,-0.00049559
omega_Q,0.081131,0.00047544,-0.097834,0.33893,0.0014196,-0.0011739,0.093275,-0.016976,-0.0018688
omega_V2,-0.030835,0.00025815,0.12001,-0.1657,-0.00049177,-0.0025372,-0.016976,0.061262,0.00034568
a,0.049474,-0.00036611,0.0047025,-0.087901,0.00029584,-0.00049559,-0.0018688,0.00034568,0.040057
