Cl_pop,16.47,-0.70894,0.059594,-0.67369,0.0037875,0.00037457,-0.025513,0.00097301,-0.0039461
beta_Cl_tSCRMGDL,-0.70894,0.033555,-0.0019103,0.01319,-0.00014006,-5.7337e-7,0.00026323,0.00022705,0.00025146
V1_pop,0.059594,-0.0019103,5.1482,-1.0845,0.00047405,0.001648,-0.14625,0.078196,-0.0045609
V2_pop,-0.67369,0.01319,-1.0845,30.395,-0.004649,-0.079067,1.0681,0.25058,-0.0020488
omega_Cl,0.0037875,-0.00014006,0.00047405,-0.004649,0.0018772,-4.6643e-5,-7.7553e-5,3.6818e-5,-9.1891e-5
omega_V1,0.00037457,-5.7337e-7,0.001648,-0.079067,-4.6643e-5,0.0056921,-0.0095942,-0.00050791,-0.0014176
omega_Q,-0.025513,0.00026323,-0.14625,1.0681,-7.7553e-5,-0.0095942,0.15819,-0.016642,0.0045494
omega_V2,0.00097301,0.00022705,0.078196,0.25058,3.6818e-5,-0.00050791,-0.016642,0.05624,-0.0018729
a,-0.0039461,0.00025146,-0.0045609,-0.0020488,-9.1891e-5,-0.0014176,0.0045494,-0.0018729,0.040069
