Cl_pop,1,-0.95373,0.0038202,-0.025284,0.0098807,-0.00062824,-0.010918,0.001156,0.0078231
beta_Cl_tSCRMGDL,-0.95373,1,-0.0041935,0.01161,-0.0081062,-0.0036017,0.012674,0.0033033,-0.0033757
V1_pop,0.0038202,-0.0041935,1,-0.11828,0.0019203,0.28858,-0.1225,0.13534,0.049425
V2_pop,-0.025284,0.01161,-0.11828,1,-0.01404,-0.022442,0.41827,-0.20981,-0.18646
omega_Cl,0.0098807,-0.0081062,0.0019203,-0.01404,1,-0.0091609,0.028619,2.799e-5,-0.010371
omega_V1,-0.00062824,-0.0036017,0.28858,-0.022442,-0.0091609,1,-0.15861,-0.048039,-0.08198
omega_Q,-0.010918,0.012674,-0.1225,0.41827,0.028619,-0.15861,1,-0.2166,-0.1451
omega_V2,0.001156,0.0033033,0.13534,-0.20981,2.799e-5,-0.048039,-0.2166,1,0.061034
a,0.0078231,-0.0033757,0.049425,-0.18646,-0.010371,-0.08198,-0.1451,0.061034,1
