Cl_pop,16.45,-0.70844,0.038466,-0.40611,0.00171,-0.00017959,-0.017943,0.0010812,0.006959
beta_Cl_tSCRMGDL,-0.70844,0.033543,-0.0019067,0.0084206,-6.3349e-5,-4.6493e-5,0.00094053,0.00013952,-0.0001356
V1_pop,0.038466,-0.0019067,6.1636,-1.163,0.00020343,0.050498,-0.12323,0.077486,0.026912
V2_pop,-0.40611,0.0084206,-1.163,15.684,-0.0023725,-0.0062642,0.67119,-0.19162,-0.16195
omega_Cl,0.00171,-6.3349e-5,0.00020343,-0.0023725,0.0018207,-2.7551e-5,0.00049481,2.7543e-7,-9.7062e-5
omega_V1,-0.00017959,-4.6493e-5,0.050498,-0.0062642,-2.7551e-5,0.0049678,-0.0045298,-0.00078085,-0.0012673
omega_Q,-0.017943,0.00094053,-0.12323,0.67119,0.00049481,-0.0045298,0.16418,-0.020241,-0.012895
omega_V2,0.0010812,0.00013952,0.077486,-0.19162,2.7543e-7,-0.00078085,-0.020241,0.053184,0.0030871
a,0.006959,-0.0001356,0.026912,-0.16195,-9.7062e-5,-0.0012673,-0.012895,0.0030871,0.048103
