Cl_pop,1,-0.90938,0.0044133,-0.015226,0.028025,-0.0037754,-0.0013373,-0.0068191,0.0054206
beta_Cl_tSCRMGDL,-0.90938,1,0.0083966,0.00028274,-0.32977,0.022199,-0.01844,0.0085334,0.0068696
V1_pop,0.0044133,0.0083966,1,-0.33299,-0.022595,0.35333,-0.44011,0.078644,0.075881
V2_pop,-0.015226,0.00028274,-0.33299,1,0.0044647,-0.28175,0.47727,-0.11578,-0.11651
omega_Cl,0.028025,-0.32977,-0.022595,0.0044647,1,-0.056683,0.047744,0.0058518,-0.036891
omega_V1,-0.0037754,0.022199,0.35333,-0.28175,-0.056683,1,-0.52416,-0.1219,0.015088
omega_Q,-0.0013373,-0.01844,-0.44011,0.47727,0.047744,-0.52416,1,-0.029142,-0.1144
omega_V2,-0.0068191,0.0085334,0.078644,-0.11578,0.0058518,-0.1219,-0.029142,1,0.019563
a,0.0054206,0.0068696,0.075881,-0.11651,-0.036891,0.015088,-0.1144,0.019563,1
