Cl_pop,1,-0.9536,0.0092243,-0.016233,0.011285,-0.01589,-0.00027771,-0.0023389,0.012824
beta_Cl_tSCRMGDL,-0.9536,1,0.00034597,-0.0017249,-0.0088415,0.016311,-0.0090047,0.011601,-0.007041
V1_pop,0.0092243,0.00034597,1,-0.34915,0.00093301,0.04901,-0.50003,0.22079,0.10403
V2_pop,-0.016233,-0.0017249,-0.34915,1,-0.0095174,-0.27609,0.53426,-0.27437,-0.078243
omega_Cl,0.011285,-0.0088415,0.00093301,-0.0095174,1,-0.021876,0.012577,-0.013551,-0.031066
omega_V1,-0.01589,0.016311,0.04901,-0.27609,-0.021876,1,-0.48342,0.00018037,-0.078081
omega_Q,-0.00027771,-0.0090047,-0.50003,0.53426,0.012577,-0.48342,1,-0.22474,-0.044458
omega_V2,-0.0023389,0.011601,0.22079,-0.27437,-0.013551,0.00018037,-0.22474,1,0.026694
a,0.012824,-0.007041,0.10403,-0.078243,-0.031066,-0.078081,-0.044458,0.026694,1
