Cl_pop,1,-0.93492,0.0060555,-0.031746,0.20167,0.0049346,-0.013895,-0.0020601,0.017896
beta_Cl_tSCRMGDL,-0.93492,1,-0.0032537,0.013855,-0.0047224,-0.0086229,0.013513,0.008683,-0.0084701
V1_pop,0.0060555,-0.0032537,1,-0.19415,0.00033662,0.008765,-0.2029,0.19145,0.051017
V2_pop,-0.031746,0.013855,-0.19415,1,-0.010172,-0.067615,0.45851,-0.21764,-0.16279
omega_Cl,0.20167,-0.0047224,0.00033662,-0.010172,1,-0.013475,0.02579,0.00044157,-0.014752
omega_V1,0.0049346,-0.0086229,0.008765,-0.067615,-0.013475,1,-0.20973,-0.081845,0.012471
omega_Q,-0.013895,0.013513,-0.2029,0.45851,0.02579,-0.20973,1,-0.22068,-0.15917
omega_V2,-0.0020601,0.008683,0.19145,-0.21764,0.00044157,-0.081845,-0.22068,1,0.020302
a,0.017896,-0.0084701,0.051017,-0.16279,-0.014752,0.012471,-0.15917,0.020302,1
