Cl_pop,16.549,-0.71449,nan,2.0748,0.0048335,-0.088942,0.22285,-0.05159,0.04327
beta_Cl_tSCRMGDL,-0.71449,0.033936,nan,-0.1596,-0.00015151,0.0061402,-0.015495,0.004022,-0.0027169
V1_pop,nan,nan,nan,nan,nan,nan,nan,nan,nan
V2_pop,2.0748,-0.1596,nan,91.151,0.0081998,-2.9501,7.6309,-2.27,1.2166
omega_Cl,0.0048335,-0.00015151,nan,0.0081998,0.0018433,-0.00043215,0.0011634,-9.1942e-5,1.0313e-5
omega_V1,-0.088942,0.0061402,nan,-2.9501,-0.00043215,0.11424,-0.28437,0.070993,-0.048933
omega_Q,0.22285,-0.015495,nan,7.6309,0.0011634,-0.28437,0.76573,-0.1855,0.123
omega_V2,-0.05159,0.004022,nan,-2.27,-9.1942e-5,0.070993,-0.1855,0.10366,-0.029671
a,0.04327,-0.0027169,nan,1.2166,1.0313e-5,-0.048933,0.123,-0.029671,0.064755
