Cl_pop,1,-0.91257,0.016872,-0.037204,0.28139,0.0052141,-0.02188,-0.0038821,0.024703
beta_Cl_tSCRMGDL,-0.91257,1,-0.015218,0.01959,0.009129,-0.013755,0.025282,0.0023931,-0.014084
V1_pop,0.016872,-0.015218,1,-0.18428,0.0043144,0.099815,-0.20235,0.1022,0.054816
V2_pop,-0.037204,0.01959,-0.18428,1,-0.021531,-0.14071,0.32949,0.011046,-0.1574
omega_Cl,0.28139,0.009129,0.0043144,-0.021531,1,-0.0090137,0.0027383,-0.01416,-0.0094626
omega_V1,0.0052141,-0.013755,0.099815,-0.14071,-0.0090137,1,-0.34646,-0.16019,-0.042118
omega_Q,-0.02188,0.025282,-0.20235,0.32949,0.0027383,-0.34646,1,0.032426,-0.076744
omega_V2,-0.0038821,0.0023931,0.1022,0.011046,-0.01416,-0.16019,0.032426,1,-0.0078889
a,0.024703,-0.014084,0.054816,-0.1574,-0.0094626,-0.042118,-0.076744,-0.0078889,1
