Cl_pop,24.002,-0.81928,0.18703,-0.66501,0.064991,0.0023093,-0.034541,-0.0040673,0.025254
beta_Cl_tSCRMGDL,-0.81928,0.03358,-0.0063095,0.013098,7.8865e-5,-0.00022787,0.0014929,9.3785e-5,-0.00053855
V1_pop,0.18703,-0.0063095,5.1194,-1.5212,0.0004602,0.020416,-0.14753,0.049453,0.02588
V2_pop,-0.66501,0.013098,-1.5212,13.312,-0.0037033,-0.046411,0.38737,0.0086187,-0.11983
omega_Cl,0.064991,7.8865e-5,0.0004602,-0.0037033,0.0022225,-3.8414e-5,4.1597e-5,-0.00014276,-9.3086e-5
omega_V1,0.0023093,-0.00022787,0.020416,-0.046411,-3.8414e-5,0.0081723,-0.010092,-0.0030969,-0.00079451
omega_Q,-0.034541,0.0014929,-0.14753,0.38737,4.1597e-5,-0.010092,0.10384,0.0022345,-0.0051602
omega_V2,-0.0040673,9.3785e-5,0.049453,0.0086187,-0.00014276,-0.0030969,0.0022345,0.045734,-0.00035204
a,0.025254,-0.00053855,0.02588,-0.11983,-9.3086e-5,-0.00079451,-0.0051602,-0.00035204,0.043542
