Cl_pop,1,-0.95338,0.011109,-0.032827,0.014638,0.0018354,-0.0055663,-0.0017262,0.0047532
beta_Cl_tSCRMGDL,-0.95338,1,-0.0076373,0.015288,-0.0097241,-0.0051322,0.0062808,0.0045461,-0.0013552
V1_pop,0.011109,-0.0076373,1,-0.20157,0.002081,-0.013339,-0.18487,0.16093,0.083329
V2_pop,-0.032827,0.015288,-0.20157,1,-0.031064,-0.089523,0.27688,-0.018009,-0.15833
omega_Cl,0.014638,-0.0097241,0.002081,-0.031064,1,-0.0095809,0.020019,-0.010768,-0.057302
omega_V1,0.0018354,-0.0051322,-0.013339,-0.089523,-0.0095809,1,-0.25116,-0.2051,0.00066257
omega_Q,-0.0055663,0.0062808,-0.18487,0.27688,0.020019,-0.25116,1,0.018306,-0.13291
omega_V2,-0.0017262,0.0045461,0.16093,-0.018009,-0.010768,-0.2051,0.018306,1,-0.045108
a,0.0047532,-0.0013552,0.083329,-0.15833,-0.057302,0.00066257,-0.13291,-0.045108,1
