Cl_pop,16.449,-0.70953,0.077207,-0.35751,-0.0012072,0.0011281,-0.02059,-0.00013479,0.011899
beta_Cl_tSCRMGDL,-0.70953,0.034788,-0.0031991,0.0044614,0.0015565,-9.9552e-5,0.00072032,0.000351,-0.00049321
V1_pop,0.077207,-0.0031991,4.8406,-1.0965,-0.0010112,-0.011087,-0.076933,0.099559,0.018063
V2_pop,-0.35751,0.0044614,-1.0965,14.439,-0.001642,-0.011093,0.58739,-0.19815,-0.098813
omega_Cl,-0.0012072,0.0015565,-0.0010112,-0.001642,0.0019705,-4.9895e-5,0.00025139,-1.479e-5,-0.00025942
omega_V1,0.0011281,-9.9552e-5,-0.011087,-0.011093,-4.9895e-5,0.0050522,-0.0047494,-0.0013513,-1.8961e-5
omega_Q,-0.02059,0.00072032,-0.076933,0.58739,0.00025139,-0.0047494,0.14537,-0.022747,-0.0070772
omega_V2,-0.00013479,0.000351,0.099559,-0.19815,-1.479e-5,-0.0013513,-0.022747,0.059459,0.0015216
a,0.011899,-0.00049321,0.018063,-0.098813,-0.00025942,-1.8961e-5,-0.0070772,0.0015216,0.040497
