Cl_pop,16.425,-0.70749,0.097215,-0.3629,-0.00029272,0.0016751,-0.026136,0.0034036,0.0066494
beta_Cl_tSCRMGDL,-0.70749,0.0335,-0.0026507,0.005797,-1.6786e-5,-2.8515e-5,0.00041965,0.00016599,-0.00016889
V1_pop,0.097215,-0.0026507,5.3901,-2.6306,-0.0014334,0.020451,-0.37312,0.13498,0.0029202
V2_pop,-0.3629,0.005797,-2.6306,15.119,0.0024166,-0.095213,1.2568,-0.37895,-0.054031
omega_Cl,-0.00029272,-1.6786e-5,-0.0014334,0.0024166,0.0018453,-0.00019003,0.0011811,-5.4428e-5,-0.00025715
omega_V1,0.0016751,-2.8515e-5,0.020451,-0.095213,-0.00019003,0.0097236,-0.027809,-0.00097153,-6.8162e-5
omega_Q,-0.026136,0.00041965,-0.37312,1.2568,0.0011811,-0.027809,0.31756,-0.035748,-0.0035619
omega_V2,0.0034036,0.00016599,0.13498,-0.37895,-5.4428e-5,-0.00097153,-0.035748,0.059707,-0.0014574
a,0.0066494,-0.00016889,0.0029202,-0.054031,-0.00025715,-6.8162e-5,-0.0035619,-0.0014574,0.036583
