Cl_pop,1,-0.95339,0.024996,-0.041089,0.006087,0.025209,-0.034579,0.010181,-0.0040509
beta_Cl_tSCRMGDL,-0.95339,1,-0.018502,0.026095,-0.00031356,-0.022001,0.028142,-0.0036464,0.0073164
V1_pop,0.024996,-0.018502,1,-0.53097,-0.048054,0.41659,-0.54882,0.2963,-0.16207
V2_pop,-0.041089,0.026095,-0.53097,1,0.069905,-0.69746,0.83709,-0.34513,0.29649
omega_Cl,0.006087,-0.00031356,-0.048054,0.069905,1,-0.099668,0.10316,-0.02525,0.01875
omega_V1,0.025209,-0.022001,0.41659,-0.69746,-0.099668,1,-0.83235,0.18516,-0.38716
omega_Q,-0.034579,0.028142,-0.54882,0.83709,0.10316,-0.83235,1,-0.35192,0.39459
omega_V2,0.010181,-0.0036464,0.2963,-0.34513,-0.02525,0.18516,-0.35192,1,-0.15965
a,-0.0040509,0.0073164,-0.16207,0.29649,0.01875,-0.38716,0.39459,-0.15965,1
