Cl_pop,16.601,-0.7138,0.2846,-1.0998,0.0011031,0.017131,-0.15851,0.010724,-0.0059249
beta_Cl_tSCRMGDL,-0.7138,0.033765,-0.0095003,0.031499,-2.5627e-6,-0.00067427,0.0058179,-0.00017322,0.0004826
V1_pop,0.2846,-0.0095003,7.8089,-9.747,-0.0059727,0.19416,-1.7255,0.21405,-0.16257
V2_pop,-1.0998,0.031499,-9.747,43.153,0.020425,-0.76414,6.1866,-0.58612,0.69914
omega_Cl,0.0011031,-2.5627e-6,-0.0059727,0.020425,0.0019783,-0.00073936,0.0051621,-0.00029034,0.00029938
omega_V1,0.017131,-0.00067427,0.19416,-0.76414,-0.00073936,0.027816,-0.15618,0.0079834,-0.023179
omega_Q,-0.15851,0.0058179,-1.7255,6.1866,0.0051621,-0.15618,1.2658,-0.10236,0.15936
omega_V2,0.010724,-0.00017322,0.21405,-0.58612,-0.00029034,0.0079834,-0.10236,0.066833,-0.014816
a,-0.0059249,0.0004826,-0.16257,0.69914,0.00029938,-0.023179,0.15936,-0.014816,0.12886
