Cl_pop,16.42,-0.7071,0.042167,-0.43678,0.00035028,0.0023502,-0.027669,0.0041673,0.019424
beta_Cl_tSCRMGDL,-0.7071,0.034836,-0.00069297,0.0027273,0.0016313,-0.00013652,0.00053276,0.00034185,-0.00059539
V1_pop,0.042167,-0.00069297,4.9625,-1.8052,-0.00037969,0.012555,-0.18778,0.073748,0.054769
V2_pop,-0.43678,0.0027273,-1.8052,17.216,-0.0040811,-0.045224,0.87842,-0.27692,-0.21547
omega_Cl,0.00035028,0.0016313,-0.00037969,-0.0040811,0.0020061,-3.8795e-5,-5.2727e-5,0.00012686,-0.00023315
omega_V1,0.0023502,-0.00013652,0.012555,-0.045224,-3.8795e-5,0.0059872,-0.0087706,-0.00058218,0.00040875
omega_Q,-0.027669,0.00053276,-0.18778,0.87842,-5.2727e-5,-0.0087706,0.16837,-0.026689,-0.018391
omega_V2,0.0041673,0.00034185,0.073748,-0.27692,0.00012686,-0.00058218,-0.026689,0.056054,0.0053441
a,0.019424,-0.00059539,0.054769,-0.21547,-0.00023315,0.00040875,-0.018391,0.0053441,0.046717
