Cl_pop,1,-0.95367,0.011854,-0.022729,0.018811,-0.006256,-0.0050837,0.0057344,0.0092953
beta_Cl_tSCRMGDL,-0.95367,1,-0.0033497,0.0088458,-0.01734,0.0023376,0.0028984,0.0024414,-0.0061178
V1_pop,0.011854,-0.0033497,1,-0.28118,0.0030496,-0.23853,-0.19262,0.28588,0.051296
V2_pop,-0.022729,0.0088458,-0.28118,1,-0.0077644,-0.17307,0.45451,-0.2554,0.034504
omega_Cl,0.018811,-0.01734,0.0030496,-0.0077644,1,-0.031475,0.034665,0.0049161,-0.0084396
omega_V1,-0.006256,0.0023376,-0.23853,-0.17307,-0.031475,1,-0.50276,-0.17145,-0.26002
omega_Q,-0.0050837,0.0028984,-0.19262,0.45451,0.034665,-0.50276,1,-0.10529,0.19363
omega_V2,0.0057344,0.0024414,0.28588,-0.2554,0.0049161,-0.17145,-0.10529,1,0.026697
a,0.0092953,-0.0061178,0.051296,0.034504,-0.0084396,-0.26002,0.19363,0.026697,1
