Cl_pop,16.458,-0.70851,0.11922,-0.35837,0.0032963,-0.0029185,-0.0088788,0.0056805,0.0079633
beta_Cl_tSCRMGDL,-0.70851,0.033537,-0.0015208,0.0062959,-0.00013716,4.9227e-5,0.00022852,0.00010917,-0.00023659
V1_pop,0.11922,-0.0015208,6.1459,-2.7092,0.00032655,-0.068001,-0.20559,0.17305,0.026855
V2_pop,-0.35837,0.0062959,-2.7092,15.105,-0.0013034,-0.077347,0.7605,-0.24238,0.028318
omega_Cl,0.0032963,-0.00013716,0.00032655,-0.0013034,0.0018656,-0.00015634,0.00064461,5.1849e-5,-7.6981e-5
omega_V1,-0.0029185,4.9227e-5,-0.068001,-0.077347,-0.00015634,0.013224,-0.02489,-0.0048143,-0.0063144
omega_Q,-0.0088788,0.00022852,-0.20559,0.7605,0.00064461,-0.02489,0.18535,-0.011068,0.017604
omega_V2,0.0056805,0.00010917,0.17305,-0.24238,5.1849e-5,-0.0048143,-0.011068,0.059623,0.0013766
a,0.0079633,-0.00023659,0.026855,0.028318,-7.6981e-5,-0.0063144,0.017604,0.0013766,0.044595
