Cl_pop,1,-0.95081,-0.0014333,-0.018401,0.013735,-0.0052537,-0.00040558,-0.0047483,0.0051167
beta_Cl_tSCRMGDL,-0.95081,1,-0.00024309,0.0057145,0.062285,0.0019406,0.0064978,0.0065415,0.0010265
V1_pop,-0.0014333,-0.00024309,1,-0.12792,-0.017736,-0.072588,-0.12126,0.12161,0.05095
V2_pop,-0.018401,0.0057145,-0.12792,1,-0.010756,-0.019386,0.23649,-0.076331,-0.10903
omega_Cl,0.013735,0.062285,-0.017736,-0.010756,1,-0.0077495,0.035189,-0.010499,-0.017823
omega_V1,-0.0052537,0.0019406,-0.072588,-0.019386,-0.0077495,1,-0.12222,-0.12939,-0.030369
omega_Q,-0.00040558,0.0064978,-0.12126,0.23649,0.035189,-0.12222,1,-0.061648,-0.058077
omega_V2,-0.0047483,0.0065415,0.12161,-0.076331,-0.010499,-0.12939,-0.061648,1,-0.02005
a,0.0051167,0.0010265,0.05095,-0.10903,-0.017823,-0.030369,-0.058077,-0.02005,1
