Cl_pop,1,-0.95359,-0.0027724,-0.029115,0.0058944,-0.0053694,-0.012515,-0.0041406,0.018821
beta_Cl_tSCRMGDL,-0.95359,1,0.00089194,0.011599,-0.0044031,0.0022734,0.0068529,0.010185,-0.01197
V1_pop,-0.0027724,0.00089194,1,-0.023106,-0.0065344,0.82627,-0.067716,-0.003403,-0.029387
V2_pop,-0.029115,0.011599,-0.023106,1,-0.017078,0.0052554,0.37464,-0.093587,-0.18412
omega_Cl,0.0058944,-0.0044031,-0.0065344,-0.017078,1,-0.010851,0.013697,-0.0053315,-0.014951
omega_V1,-0.0053694,0.0022734,0.82627,0.0052554,-0.010851,1,-0.088369,-0.058845,-0.10844
omega_Q,-0.012515,0.0068529,-0.067716,0.37464,0.013697,-0.088369,1,-0.21697,-0.1188
omega_V2,-0.0041406,0.010185,-0.003403,-0.093587,-0.0053315,-0.058845,-0.21697,1,0.039907
a,0.018821,-0.01197,-0.029387,-0.18412,-0.014951,-0.10844,-0.1188,0.039907,1
