Cl_pop,16.478,-0.71158,0.10859,-0.60264,-0.001699,0.00052383,-0.044221,0.0076542,0.02119
beta_Cl_tSCRMGDL,-0.71158,0.03863,-0.0024851,0.0021206,0.0035584,-9.8199e-5,0.0010034,0.00037613,-0.0003611
V1_pop,0.10859,-0.0024851,5.342,-2.2551,-0.00024275,-0.023957,-0.18704,0.17498,0.060004
V2_pop,-0.60264,0.0021206,-2.2551,17.162,-0.0061938,0.0078685,0.80237,-0.38255,-0.23797
omega_Cl,-0.001699,0.0035584,-0.00024275,-0.0061938,0.0025005,-3.4077e-5,-7.522e-5,7.7673e-5,-4.2269e-5
omega_V1,0.00052383,-9.8199e-5,-0.023957,0.0078685,-3.4077e-5,0.0056097,-0.002764,-0.0036545,-0.00079281
omega_Q,-0.044221,0.0010034,-0.18704,0.80237,-7.522e-5,-0.002764,0.15067,-0.037746,-0.02011
omega_V2,0.0076542,0.00037613,0.17498,-0.38255,7.7673e-5,-0.0036545,-0.037746,0.072929,0.009559
a,0.02119,-0.0003611,0.060004,-0.23797,-4.2269e-5,-0.00079281,-0.02011,0.009559,0.045536
