Cl_pop,16.501,-0.71058,0.10333,-1.0292,0.003746,0.0056616,-0.047789,0.0018323,-0.00069568
beta_Cl_tSCRMGDL,-0.71058,0.033646,-0.0021325,0.020003,-0.00011478,-0.00016785,0.00079677,0.00035672,4.555e-5
V1_pop,0.10333,-0.0021325,5.6678,-3.0075,-0.00042304,0.041306,-0.32557,0.12345,-0.024459
V2_pop,-1.0292,0.020003,-3.0075,57.49,-0.0017426,-0.27569,2.3814,0.11064,0.17758
omega_Cl,0.003746,-0.00011478,-0.00042304,-0.0017426,0.00187,-6.1992e-5,0.00035327,-7.7306e-5,-6.7869e-5
omega_V1,0.0056616,-0.00016785,0.041306,-0.27569,-6.1992e-5,0.0093281,-0.026044,0.0040873,-0.00485
omega_Q,-0.047789,0.00079677,-0.32557,2.3814,0.00035327,-0.026044,0.25327,-0.053284,0.0245
omega_V2,0.0018323,0.00035672,0.12345,0.11064,-7.7306e-5,0.0040873,-0.053284,0.069717,-0.0093387
a,-0.00069568,4.555e-5,-0.024459,0.17758,-6.7869e-5,-0.00485,0.0245,-0.0093387,0.046955
