Cl_pop,1,-0.94845,0.0073632,-0.019319,0.017838,0.0021188,-0.0059827,-0.0091349,-0.001893
beta_Cl_tSCRMGDL,-0.94845,1,-0.0071145,0.01146,-0.12488,-0.0064109,0.0070322,0.010944,0.0084928
V1_pop,0.0073632,-0.0071145,1,-0.31259,-0.0028594,0.31225,-0.38795,0.17254,-0.012777
V2_pop,-0.019319,0.01146,-0.31259,1,-0.0077276,-0.25917,0.50709,-0.19204,-0.056771
omega_Cl,0.017838,-0.12488,-0.0028594,-0.0077276,1,-0.012568,0.015171,-0.0039024,-0.034071
omega_V1,0.0021188,-0.0064109,0.31225,-0.25917,-0.012568,1,-0.51916,-0.036856,-0.057326
omega_Q,-0.0059827,0.0070322,-0.38795,0.50709,0.015171,-0.51916,1,-0.1406,-0.042284
omega_V2,-0.0091349,0.010944,0.17254,-0.19204,-0.0039024,-0.036856,-0.1406,1,0.0012546
a,-0.001893,0.0084928,-0.012777,-0.056771,-0.034071,-0.057326,-0.042284,0.0012546,1
