Cl_pop,16.451,-0.71022,0.075032,-0.30797,0.0031823,0.00093763,-0.011137,-0.0083317,-0.0014923
beta_Cl_tSCRMGDL,-0.71022,0.034085,-0.0033,0.008316,-0.0010141,-0.00012913,0.00059587,0.00045435,0.00030475
V1_pop,0.075032,-0.0033,6.312,-3.0868,-0.00031598,0.085589,-0.44734,0.097476,-0.0062394
V2_pop,-0.30797,0.008316,-3.0868,15.449,-0.001336,-0.11114,0.91476,-0.16973,-0.04337
omega_Cl,0.0031823,-0.0010141,-0.00031598,-0.001336,0.0019347,-6.0311e-5,0.00030626,-3.8599e-5,-0.00029127
omega_V1,0.00093763,-0.00012913,0.085589,-0.11114,-6.0311e-5,0.011903,-0.025997,-0.00090423,-0.0012156
omega_Q,-0.011137,0.00059587,-0.44734,0.91476,0.00030626,-0.025997,0.21065,-0.014511,-0.003772
omega_V2,-0.0083317,0.00045435,0.097476,-0.16973,-3.8599e-5,-0.00090423,-0.014511,0.050567,5.4833e-5
a,-0.0014923,0.00030475,-0.0062394,-0.04337,-0.00029127,-0.0012156,-0.003772,5.4833e-5,0.037777
