Cl_pop,16.433,-0.71362,0.13291,-0.42522,0.004709,0.0019392,-0.026414,0.00099771,0.0050725
beta_Cl_tSCRMGDL,-0.71362,0.0381,-0.0029177,0.0083908,-0.0034672,0.00016707,-0.00023185,0.00015128,0.00025155
V1_pop,0.13291,-0.0029177,5.779,-2.5245,-0.0014533,0.024329,-0.29176,0.089245,0.039041
V2_pop,-0.42522,0.0083908,-2.5245,16.508,0.002976,-0.095783,0.92968,-0.15401,-0.1376
omega_Cl,0.004709,-0.0034672,-0.0014533,0.002976,0.0026028,-0.00022777,0.0011322,-1.4222e-5,-0.00040325
omega_V1,0.0019392,0.00016707,0.024329,-0.095783,-0.00022777,0.0090418,-0.019058,-0.0024638,0.0011898
omega_Q,-0.026414,-0.00023185,-0.29176,0.92968,0.0011322,-0.019058,0.1931,-0.0084464,-0.019618
omega_V2,0.00099771,0.00015128,0.089245,-0.15401,-1.4222e-5,-0.0024638,-0.0084464,0.053412,0.00072208
a,0.0050725,0.00025155,0.039041,-0.1376,-0.00040325,0.0011898,-0.019618,0.00072208,0.042087
