Cl_pop,1,-0.95365,-0.002672,-0.010777,0.0033046,-0.022439,0.009384,0.0038529,0.0069232
beta_Cl_tSCRMGDL,-0.95365,1,0.010764,-0.0069131,-0.0023898,0.020757,-0.016952,0.0066382,-0.0043035
V1_pop,-0.002672,0.010764,1,-0.3074,-0.0011926,0.23203,-0.29131,0.18411,0.022595
V2_pop,-0.010777,-0.0069131,-0.3074,1,-0.013111,-0.2015,0.48563,-0.25352,-0.05938
omega_Cl,0.0033046,-0.0023898,-0.0011926,-0.013111,1,-0.035406,0.019917,0.017369,-0.012411
omega_V1,-0.022439,0.020757,0.23203,-0.2015,-0.035406,1,-0.47687,-0.098383,-0.11938
omega_Q,0.009384,-0.016952,-0.29131,0.48563,0.019917,-0.47687,1,-0.12496,0.01847
omega_V2,0.0038529,0.0066382,0.18411,-0.25352,0.017369,-0.098383,-0.12496,1,0.026446
a,0.0069232,-0.0043035,0.022595,-0.05938,-0.012411,-0.11938,0.01847,0.026446,1
