Cl_pop,1,0.011972,1.199e-5,-0.023552,0.025057,-0.0045451,0.0045274,0.0073887,0.0081879,0.0041871
V1_pop,0.011972,1,-0.68917,-0.18097,-3.1379e-5,0.49336,0.12148,0.44398,-0.28459,0.1337
Q_pop,1.199e-5,-0.68917,1,0.049889,-0.0014462,-0.50659,-0.11846,-0.33242,0.24487,-0.02073
V2_pop,-0.023552,-0.18097,0.049889,1,-0.0066643,-0.073294,0.17464,-0.22093,-0.03631,-0.033834
omega_Cl,0.025057,-3.1379e-5,-0.0014462,-0.0066643,1,-0.0059424,0.012314,-0.0082208,0.022873,-0.034428
omega_V1,-0.0045451,0.49336,-0.50659,-0.073294,-0.0059424,1,-0.13542,0.14841,-0.090662,-0.18075
omega_Q,0.0045274,0.12148,-0.11846,0.17464,0.012314,-0.13542,1,0.083205,-0.16479,0.16452
omega_V2,0.0073887,0.44398,-0.33242,-0.22093,-0.0082208,0.14841,0.083205,1,-0.25809,0.21701
a,0.0081879,-0.28459,0.24487,-0.03631,0.022873,-0.090662,-0.16479,-0.25809,1,-0.59368
b,0.0041871,0.1337,-0.02073,-0.033834,-0.034428,-0.18075,0.16452,0.21701,-0.59368,1
