Cl_pop,1,-0.95372,0.013441,-0.032017,0.010527,0.015495,-0.025703,-0.0081011,0.012388
beta_Cl_tSCRMGDL,-0.95372,1,-0.010763,0.01633,-0.0094404,-0.014619,0.018125,0.0095787,-0.0089254
V1_pop,0.013441,-0.010763,1,-0.26191,-0.0090936,0.14151,-0.33113,0.11148,0.037447
V2_pop,-0.032017,0.01633,-0.26191,1,-0.0042855,-0.14121,0.45781,-0.068177,-0.13268
omega_Cl,0.010527,-0.0094404,-0.0090936,-0.0042855,1,-0.031993,0.028305,0.010055,-0.031531
omega_V1,0.015495,-0.014619,0.14151,-0.14121,-0.031993,1,-0.39203,-0.20731,0.0042874
omega_Q,-0.025703,0.018125,-0.33113,0.45781,0.028305,-0.39203,1,0.0010127,-0.14652
omega_V2,-0.0081011,0.0095787,0.11148,-0.068177,0.010055,-0.20731,0.0010127,1,-0.041541
a,0.012388,-0.0089254,0.037447,-0.13268,-0.031531,0.0042874,-0.14652,-0.041541,1
