Cl_pop,16.502,-0.71106,0.023977,-0.33681,0.0027402,-0.003959,0.001221,0.0069666,0.0082852
beta_Cl_tSCRMGDL,-0.71106,0.033669,-1.9963e-5,0.0056137,-0.00010248,0.00015174,-0.00030114,-9.1818e-5,-0.00017536
V1_pop,0.023977,-1.9963e-5,5.5404,-1.7038,0.00062678,0.021117,-0.089492,0.090027,0.0013137
V2_pop,-0.33681,0.0056137,-1.7038,13.683,-0.0024611,-0.038034,0.46581,-0.17474,-0.064093
omega_Cl,0.0027402,-0.00010248,0.00062678,-0.0024611,0.0018505,-5.1111e-5,0.00010329,6.4668e-5,-0.00015333
omega_V1,-0.003959,0.00015174,0.021117,-0.038034,-5.1111e-5,0.0084332,-0.011157,-0.0022967,-0.00082901
omega_Q,0.001221,-0.00030114,-0.089492,0.46581,0.00010329,-0.011157,0.13255,-0.0057893,-0.0035226
omega_V2,0.0069666,-9.1818e-5,0.090027,-0.17474,6.4668e-5,-0.0022967,-0.0057893,0.051326,-0.00079697
a,0.0082852,-0.00017536,0.0013137,-0.064093,-0.00015333,-0.00082901,-0.0035226,-0.00079697,0.041088
