Cl_pop,1,-0.90487,-0.010429,0.0026462,-0.0013174,-0.016247,0.013194,-0.011515,0.010772
beta_Cl_tSCRMGDL,-0.90487,1,0.019767,-0.021953,0.31652,0.018256,-0.022744,0.022533,-0.003181
V1_pop,-0.010429,0.019767,1,-0.47522,-0.014532,0.30734,-0.51137,0.31526,0.16719
V2_pop,0.0026462,-0.021953,-0.47522,1,0.021555,-0.43998,0.7863,-0.47624,-0.27236
omega_Cl,-0.0013174,0.31652,-0.014532,0.021555,1,-0.023537,0.038409,-0.016724,-0.026131
omega_V1,-0.016247,0.018256,0.30734,-0.43998,-0.023537,1,-0.54637,0.19783,0.10334
omega_Q,0.013194,-0.022744,-0.51137,0.7863,0.038409,-0.54637,1,-0.50576,-0.26645
omega_V2,-0.011515,0.022533,0.31526,-0.47624,-0.016724,0.19783,-0.50576,1,0.17103
a,0.010772,-0.003181,0.16719,-0.27236,-0.026131,0.10334,-0.26645,0.17103,1
