Cl_pop,1,-0.95373,0.012136,-0.022267,0.01365,0.0021535,-0.013911,-0.0064428,0.0051979
beta_Cl_tSCRMGDL,-0.95373,1,-0.0099441,0.0098917,-0.010452,-0.0047549,0.013205,0.0090289,-0.0016306
V1_pop,0.012136,-0.0099441,1,-0.25119,-0.0018107,0.12848,-0.31987,0.12039,0.0050156
V2_pop,-0.022267,0.0098917,-0.25119,1,-0.017247,-0.091432,0.40519,-0.19437,-0.079077
omega_Cl,0.01365,-0.010452,-0.0018107,-0.017247,1,-0.03648,0.025756,0.010818,-0.016707
omega_V1,0.0021535,-0.0047549,0.12848,-0.091432,-0.03648,1,-0.34893,-0.14168,-0.02807
omega_Q,-0.013911,0.013205,-0.31987,0.40519,0.025756,-0.34893,1,-0.043497,-0.076384
omega_V2,-0.0064428,0.0090289,0.12039,-0.19437,0.010818,-0.14168,-0.043497,1,-0.023272
a,0.0051979,-0.0016306,0.0050156,-0.079077,-0.016707,-0.02807,-0.076384,-0.023272,1
