Cl_pop,1,-0.95369,0.021404,-0.037466,0.0062539,0.0067696,-0.024604,0.0020861,0.01479
beta_Cl_tSCRMGDL,-0.95369,1,-0.014036,0.021045,-0.0030911,-0.0094045,0.019135,0.002775,-0.007702
V1_pop,0.021404,-0.014036,1,-0.29943,-0.015834,0.040832,-0.34693,0.15621,0.12669
V2_pop,-0.037466,0.021045,-0.29943,1,0.010783,-0.16105,0.50548,-0.16809,-0.20252
omega_Cl,0.0062539,-0.0030911,-0.015834,0.010783,1,-0.040042,0.055199,-0.0050895,-0.020936
omega_V1,0.0067696,-0.0094045,0.040832,-0.16105,-0.040042,1,-0.37135,-0.18622,0.0053005
omega_Q,-0.024604,0.019135,-0.34693,0.50548,0.055199,-0.37135,1,-0.092951,-0.15232
omega_V2,0.0020861,0.002775,0.15621,-0.16809,-0.0050895,-0.18622,-0.092951,1,0.025534
a,0.01479,-0.007702,0.12669,-0.20252,-0.020936,0.0053005,-0.15232,0.025534,1
