Cl_pop,16.35,-0.70574,0.10627,0.025307,0,0,0,0,0
beta_Cl_tSCRMGDL,-0.70574,0.033434,-0.0029893,-0.0013226,0,0,0,0,0
V1_pop,0.10627,-0.0029893,4.5368,-0.85975,0,0,0,0,0
V2_pop,0.025307,-0.0013226,-0.85975,8.9201,0,0,0,0,0
omega_Cl,0,0,0,0,0.0018257,3.0648e-6,2.1532e-5,5.0923e-6,-0.00025524
omega_V1,0,0,0,0,3.0648e-6,0.0049967,-0.0020341,-0.00034662,-0.00068023
omega_Q,0,0,0,0,2.1532e-5,-0.0020341,0.06135,-0.0015349,-0.0046972
omega_V2,0,0,0,0,5.0923e-6,-0.00034662,-0.0015349,0.035695,-0.0036428
a,0,0,0,0,-0.00025524,-0.00068023,-0.0046972,-0.0036428,0.04884
