Cl_pop,1,-0.95367,0.0020038,-0.013481,0.0047232,-0.0074878,0.0024689,-0.0037786,0.0096933
beta_Cl_tSCRMGDL,-0.95367,1,0.0044124,-0.0028968,-0.0052698,0.0061181,-0.0097372,0.011274,-0.0024301
V1_pop,0.0020038,0.0044124,1,-0.28721,-0.0060912,-0.12805,-0.42121,0.24246,0.16178
V2_pop,-0.013481,-0.0028968,-0.28721,1,0.0024944,-0.084071,0.46434,-0.32945,-0.16929
omega_Cl,0.0047232,-0.0052698,-0.0060912,0.0024944,1,-0.0099764,0.022913,-0.01533,-0.022033
omega_V1,-0.0074878,0.0061181,-0.12805,-0.084071,-0.0099764,1,-0.24828,-0.04802,-0.074687
omega_Q,0.0024689,-0.0097372,-0.42121,0.46434,0.022913,-0.24828,1,-0.27764,-0.16277
omega_V2,-0.0037786,0.011274,0.24246,-0.32945,-0.01533,-0.04802,-0.27764,1,0.072948
a,0.0096933,-0.0024301,0.16178,-0.16929,-0.022033,-0.074687,-0.16277,0.072948,1
