Cl_pop,16.458,-0.7093,0.039651,-0.25951,0.0015512,-0.00074814,-0.0090837,-0.0023134,0.0037275
beta_Cl_tSCRMGDL,-0.7093,0.033597,-0.00044521,0.0036806,-6.9092e-5,2.3621e-5,0.00011201,0.00010544,-9.2047e-5
V1_pop,0.039651,-0.00044521,5.97,-1.8739,-0.00093243,0.043738,-0.19527,0.056381,-0.012028
V2_pop,-0.25951,0.0036806,-1.8739,12.912,-0.00044888,-0.04372,0.52791,-0.038294,-0.015388
omega_Cl,0.0015512,-6.9092e-5,-0.00093243,-0.00044888,0.0018438,-0.00010488,0.0004565,-7.6061e-5,-0.00019843
omega_V1,-0.00074814,2.3621e-5,0.043738,-0.04372,-0.00010488,0.0086855,-0.012475,-0.0019241,-0.0020005
omega_Q,-0.0090837,0.00011201,-0.19527,0.52791,0.0004565,-0.012475,0.1484,-0.0062049,0.0047819
omega_V2,-0.0023134,0.00010544,0.056381,-0.038294,-7.6061e-5,-0.0019241,-0.0062049,0.042978,-0.0013301
a,0.0037275,-9.2047e-5,-0.012028,-0.015388,-0.00019843,-0.0020005,0.0047819,-0.0013301,0.037996
