Cl_pop,1,-0.95333,0.085905,-0.049447,0.030413,-0.076281,0.012215,0.057603,0.023203
beta_Cl_tSCRMGDL,-0.95333,1,-0.05116,0.021269,-0.022794,0.047309,-0.010416,-0.02658,-0.015923
V1_pop,0.085905,-0.05116,1,-0.41515,0.10247,-0.90796,0.21958,0.65287,0.16078
V2_pop,-0.049447,0.021269,-0.41515,1,-0.038634,0.15352,0.42574,-0.6795,-0.034862
omega_Cl,0.030413,-0.022794,0.10247,-0.038634,1,-0.10957,0.056854,0.077184,0.003006
omega_V1,-0.076281,0.047309,-0.90796,0.15352,-0.10957,1,-0.50208,-0.48266,-0.19999
omega_Q,0.012215,-0.010416,0.21958,0.42574,0.056854,-0.50208,1,-0.12156,0.10072
omega_V2,0.057603,-0.02658,0.65287,-0.6795,0.077184,-0.48266,-0.12156,1,0.055081
a,0.023203,-0.015923,0.16078,-0.034862,0.003006,-0.19999,0.10072,0.055081,1
