Cl_pop,16.54,-0.71032,2.7898,-1.0623,0.0053272,-0.10543,0.018829,0.097966,0.019264
beta_Cl_tSCRMGDL,-0.71032,0.033565,-0.074844,0.020585,-0.00017986,0.0029456,-0.00072329,-0.0020364,-0.00059554
V1_pop,2.7898,-0.074844,63.763,-17.513,0.035243,-2.464,0.66461,2.1801,0.26209
V2_pop,-1.0623,0.020585,-17.513,27.908,-0.0087903,0.27562,0.85248,-1.5011,-0.037597
omega_Cl,0.0053272,-0.00017986,0.035243,-0.0087903,0.0018551,-0.0016039,0.00092815,0.0013902,2.6431e-5
omega_V1,-0.10543,0.0029456,-2.464,0.27562,-0.0016039,0.1155,-0.064676,-0.068595,-0.013876
omega_Q,0.018829,-0.00072329,0.66461,0.85248,0.00092815,-0.064676,0.14367,-0.019268,0.0077932
omega_V2,0.097966,-0.0020364,2.1801,-1.5011,0.0013902,-0.068595,-0.019268,0.17487,0.0047022
a,0.019264,-0.00059554,0.26209,-0.037597,2.6431e-5,-0.013876,0.0077932,0.0047022,0.041675
