Cl_pop,1,-0.95454,0.012405,0.0015763,0,0,0,0,0
beta_Cl_tSCRMGDL,-0.95454,1,-0.0077946,-0.0021628,0,0,0,0,0
V1_pop,0.012405,-0.0077946,1,-0.13981,0,0,0,0,0
V2_pop,0.0015763,-0.0021628,-0.13981,1,0,0,0,0,0
omega_Cl,0,0,0,0,1,0.0010859,0.0020311,0.0004995,-0.027626
omega_V1,0,0,0,0,0.0010859,1,-0.11991,-0.028591,-0.045348
omega_Q,0,0,0,0,0.0020311,-0.11991,1,-0.031287,-0.083704
omega_V2,0,0,0,0,0.0004995,-0.028591,-0.031287,1,-0.088105
a,0,0,0,0,-0.027626,-0.045348,-0.083704,-0.088105,1
