Cl_pop,1,-0.95459,0.013427,0.0014078,0,0,0,0,0
beta_Cl_tSCRMGDL,-0.95459,1,-0.0081636,-0.0019808,0,0,0,0,0
V1_pop,0.013427,-0.0081636,1,-0.15632,0,0,0,0,0
V2_pop,0.0014078,-0.0019808,-0.15632,1,0,0,0,0,0
omega_Cl,0,0,0,0,1,0.00087413,0.0019064,-0.00035784,-0.027236
omega_V1,0,0,0,0,0.00087413,1,-0.11112,-0.037409,-0.044478
omega_Q,0,0,0,0,0.0019064,-0.11112,1,-0.033382,-0.07793
omega_V2,0,0,0,0,-0.00035784,-0.037409,-0.033382,1,-0.088784
a,0,0,0,0,-0.027236,-0.044478,-0.07793,-0.088784,1
