Cl_pop,16.415,-0.70814,0.10597,0.025848,0,0,0,0,0
beta_Cl_tSCRMGDL,-0.70814,0.033525,-0.0029271,-0.0013613,0,0,0,0,0
V1_pop,0.10597,-0.0029271,4.811,-0.81353,0,0,0,0,0
V2_pop,0.025848,-0.0013613,-0.81353,8.5094,0,0,0,0,0
omega_Cl,0,0,0,0,0.0018288,2.755e-6,2.26e-5,4.7041e-6,-0.00025136
omega_V1,0,0,0,0,2.755e-6,0.0050899,-0.0019328,-0.00029168,-0.00063612
omega_Q,0,0,0,0,2.26e-5,-0.0019328,0.059906,-0.0016126,-0.0049313
omega_V2,0,0,0,0,4.7041e-6,-0.00029168,-0.0016126,0.035077,-0.003736
a,0,0,0,0,-0.00025136,-0.00063612,-0.0049313,-0.003736,0.04838
