Cl_pop,16.563,-0.71333,-0.056586,-0.22464,0.002006,-0.00079971,0.0034458,-0.0081444,0.0092646
beta_Cl_tSCRMGDL,-0.71333,0.03376,0.0028386,0.003341,-4.992e-5,3.7906e-5,-0.0002218,0.00038624,-0.00028054
V1_pop,-0.056586,0.0028386,5.9404,-1.6927,-0.00035487,0.040641,-0.23767,0.023297,0.018442
V2_pop,-0.22464,0.003341,-1.6927,12.071,-0.0020536,-0.044977,0.40959,-0.052954,-0.088569
omega_Cl,0.002006,-4.992e-5,-0.00035487,-0.0020536,0.0018512,-2.9332e-5,0.00012223,-7.8239e-6,-5.8952e-5
omega_V1,-0.00079971,3.7906e-5,0.040641,-0.044977,-2.9332e-5,0.0078652,-0.0087784,-0.0019177,0.00071638
omega_Q,0.0034458,-0.0002218,-0.23767,0.40959,0.00012223,-0.0087784,0.10141,-0.0014949,-0.011222
omega_V2,-0.0081444,0.00038624,0.023297,-0.052954,-7.8239e-6,-0.0019177,-0.0014949,0.041402,-0.002132
a,0.0092646,-0.00028054,0.018442,-0.088569,-5.8952e-5,0.00071638,-0.011222,-0.002132,0.039985
