Cl_pop,16.456,-0.70886,0.055739,-0.36519,0.00032893,0.0025675,-0.01088,-0.0073889,0.010977
beta_Cl_tSCRMGDL,-0.70886,0.033564,-0.0012542,0.0078506,-2.3802e-5,-0.00016804,0.00041809,0.00060782,-0.00026309
V1_pop,0.055739,-0.0012542,5.4491,-1.5331,0.00021898,-0.040513,-0.19569,0.14548,0.027605
V2_pop,-0.36519,0.0078506,-1.5331,14.292,-0.00094087,0.0057986,0.33482,-0.2134,-0.10296
omega_Cl,0.00032893,-2.3802e-5,0.00021898,-0.00094087,0.0018179,-7.6107e-6,0.00012744,-7.9816e-5,-0.00019055
omega_V1,0.0025675,-0.00016804,-0.040513,0.0057986,-7.6107e-6,0.0051482,-0.0010013,-0.0024633,-0.00084884
omega_Q,-0.01088,0.00041809,-0.19569,0.33482,0.00012744,-0.0010013,0.081559,-0.02148,-0.0050823
omega_V2,-0.0073889,0.00060782,0.14548,-0.2134,-7.9816e-5,-0.0024633,-0.02148,0.067869,3.4002e-5
a,0.010977,-0.00026309,0.027605,-0.10296,-0.00019055,-0.00084884,-0.0050823,3.4002e-5,0.044006
