Cl_pop,1,-0.90013,0.0072581,-0.023135,-0.30394,0.0071732,-0.028486,0.00077137,-0.0011331
beta_Cl_tSCRMGDL,-0.90013,1,-0.0067128,0.014638,-0.026861,-0.0070667,0.019333,0.0088268,0.01157
V1_pop,0.0072581,-0.0067128,1,-0.1373,0.0026295,-0.068232,-0.13752,0.13792,0.0080134
V2_pop,-0.023135,0.014638,-0.1373,1,-0.0046575,-0.081389,0.42707,-0.10627,-0.064767
omega_Cl,-0.30394,-0.026861,0.0026295,-0.0046575,1,-0.0096412,0.029031,-0.013107,-0.045596
omega_V1,0.0071732,-0.0070667,-0.068232,-0.081389,-0.0096412,1,-0.20806,-0.079286,-0.034278
omega_Q,-0.028486,0.019333,-0.13752,0.42707,0.029031,-0.20806,1,-0.10113,-0.048772
omega_V2,0.00077137,0.0088268,0.13792,-0.10627,-0.013107,-0.079286,-0.10113,1,-0.016028
a,-0.0011331,0.01157,0.0080134,-0.064767,-0.045596,-0.034278,-0.048772,-0.016028,1
