Cl_pop,16.451,-0.72262,0.11254,-0.51346,0.0083472,-0.000543,-0.032792,0.007677,0.0093138
beta_Cl_tSCRMGDL,-0.72262,0.045639,-0.0017798,0.016545,-0.0068391,0.00032609,9.1034e-5,-0.00010805,0.00088602
V1_pop,0.11254,-0.0017798,7.864,-4.9645,-0.00010983,0.12983,-0.6167,0.14008,0.049464
V2_pop,-0.51346,0.016545,-4.9645,18.004,-0.0032512,-0.15958,0.96359,-0.24869,-0.14087
omega_Cl,0.0083472,-0.0068391,-0.00010983,-0.0032512,0.0038571,-0.00014407,0.00049195,3.6464e-5,-0.00072809
omega_V1,-0.000543,0.00032609,0.12983,-0.15958,-0.00014407,0.013264,-0.027821,-0.0012409,0.0018994
omega_Q,-0.032792,9.1034e-5,-0.6167,0.96359,0.00049195,-0.027821,0.17999,-0.015367,-0.014145
omega_V2,0.007677,-0.00010805,0.14008,-0.24869,3.6464e-5,-0.0012409,-0.015367,0.055854,0.00078032
a,0.0093138,0.00088602,0.049464,-0.14087,-0.00072809,0.0018994,-0.014145,0.00078032,0.039604
