Cl_pop,1,-0.95404,-0.00019738,-0.012599,0.017274,-0.017302,0.0030618,0.0042274,0.007794
beta_Cl_tSCRMGDL,-0.95404,1,0.0097453,-0.0033759,-0.016965,0.011949,-0.016536,0.0057448,-0.0033844
V1_pop,-0.00019738,0.0097453,1,-0.41012,0.00024263,-0.12404,-0.45637,0.34631,0.00092572
V2_pop,-0.012599,-0.0033759,-0.41012,1,-0.0073747,0.18345,0.59321,-0.49643,-0.12237
omega_Cl,0.017274,-0.016965,0.00024263,-0.0073747,1,-0.018722,0.0023697,0.010368,-0.0049095
omega_V1,-0.017302,0.011949,-0.12404,0.18345,-0.018722,1,0.073969,-0.30246,-0.041366
omega_Q,0.0030618,-0.016536,-0.45637,0.59321,0.0023697,0.073969,1,-0.41796,-0.076073
omega_V2,0.0042274,0.0057448,0.34631,-0.49643,0.010368,-0.30246,-0.41796,1,0.08248
a,0.007794,-0.0033844,0.00092572,-0.12237,-0.0049095,-0.041366,-0.076073,0.08248,1
