Cl_pop,16.131,-0.69641,-0.0021312,-0.22502,0.0028598,-0.005505,0.0046046,0.0040018,0.002168
beta_Cl_tSCRMGDL,-0.69641,0.033032,0.0047617,-0.0027285,-0.0001271,0.00017204,-0.0011253,0.00024609,-4.2601e-5
V1_pop,-0.0021312,0.0047617,7.2277,-4.9032,2.6887e-5,-0.026416,-0.45941,0.21944,0.00017237
V2_pop,-0.22502,-0.0027285,-4.9032,19.775,-0.0013518,0.064624,0.98775,-0.52031,-0.037688
omega_Cl,0.0028598,-0.0001271,2.6887e-5,-0.0013518,0.0016991,-6.1135e-5,3.6575e-5,0.00010072,-1.4016e-5
omega_V1,-0.005505,0.00017204,-0.026416,0.064624,-6.1135e-5,0.0062755,0.0021941,-0.0056473,-0.00022695
omega_Q,0.0046046,-0.0011253,-0.45941,0.98775,3.6575e-5,0.0021941,0.1402,-0.036886,-0.0019728
omega_V2,0.0040018,0.00024609,0.21944,-0.52031,0.00010072,-0.0056473,-0.036886,0.055551,0.0013464
a,0.002168,-4.2601e-5,0.00017237,-0.037688,-1.4016e-5,-0.00022695,-0.0019728,0.0013464,0.0047968
