Cl_pop,1,-0.94509,-0.0018086,-0.014881,0.010151,-0.0046867,0.003196,-0.0009836,0.0050419
beta_Cl_tSCRMGDL,-0.94509,1,0.0056901,0.0047437,-0.14501,0.0046049,-0.0067995,0.0062445,7.0266e-6
V1_pop,-0.0018086,0.0056901,1,-0.25641,-0.012722,0.12554,-0.29797,0.11237,0.06405
V2_pop,-0.014881,0.0047437,-0.25641,1,-0.008304,-0.18427,0.43602,-0.13102,-0.05822
omega_Cl,0.010151,-0.14501,-0.012722,-0.008304,1,-0.0082944,0.016367,-0.0089811,-0.032915
omega_V1,-0.0046867,0.0046049,0.12554,-0.18427,-0.0082944,1,-0.37989,-0.11379,-0.043935
omega_Q,0.003196,-0.0067995,-0.29797,0.43602,0.016367,-0.37989,1,-0.078255,-0.0053624
omega_V2,-0.0009836,0.0062445,0.11237,-0.13102,-0.0089811,-0.11379,-0.078255,1,-0.00048931
a,0.0050419,7.0266e-6,0.06405,-0.05822,-0.032915,-0.043935,-0.0053624,-0.00048931,1
