Cl_pop,16.4,-0.70736,-0.017293,-0.23054,0.0018504,-0.0017359,0.0047046,-0.00085295,0.0041642
beta_Cl_tSCRMGDL,-0.70736,0.034158,0.002483,0.0033541,-0.0012064,7.7841e-5,-0.0004568,0.00024714,2.6486e-7
V1_pop,-0.017293,0.002483,5.5747,-2.3161,-0.0013521,0.02711,-0.25573,0.056812,0.030843
V2_pop,-0.23054,0.0033541,-2.3161,14.636,-0.00143,-0.064477,0.60634,-0.10733,-0.045426
omega_Cl,0.0018504,-0.0012064,-0.0013521,-0.00143,0.0020263,-3.4149e-5,0.00026781,-8.657e-5,-0.00030218
omega_V1,-0.0017359,7.7841e-5,0.02711,-0.064477,-3.4149e-5,0.0083651,-0.01263,-0.0022287,-0.00081953
omega_Q,0.0047046,-0.0004568,-0.25573,0.60634,0.00026781,-0.01263,0.13213,-0.0060912,-0.00039754
omega_V2,-0.00085295,0.00024714,0.056812,-0.10733,-8.657e-5,-0.0022287,-0.0060912,0.045854,-2.1369e-5
a,0.0041642,2.6486e-7,0.030843,-0.045426,-0.00030218,-0.00081953,-0.00039754,-2.1369e-5,0.041595
