Cl_pop,1,-0.95379,0.025644,-0.041494,0.009211,0.016504,-0.032619,-0.0014702,0.021692
beta_Cl_tSCRMGDL,-0.95379,1,-0.019531,0.025336,-0.0088504,-0.016241,0.026103,0.0046314,-0.013098
V1_pop,0.025644,-0.019531,1,-0.35003,-0.007418,0.084558,-0.48588,0.13952,0.17189
V2_pop,-0.041494,0.025336,-0.35003,1,-0.0025897,-0.22749,0.55764,-0.14345,-0.19787
omega_Cl,0.009211,-0.0088504,-0.007418,-0.0025897,1,-0.033116,0.028175,-0.0024481,-0.015324
omega_V1,0.016504,-0.016241,0.084558,-0.22749,-0.033116,1,-0.42651,-0.083615,0.050133
omega_Q,-0.032619,0.026103,-0.48588,0.55764,0.028175,-0.42651,1,-0.13966,-0.19775
omega_V2,-0.0014702,0.0046314,0.13952,-0.14345,-0.0024481,-0.083615,-0.13966,1,0.017453
a,0.021692,-0.013098,0.17189,-0.19787,-0.015324,0.050133,-0.19775,0.017453,1
