Cl_pop,nan,nan,nan,nan,nan,nan,nan,nan,nan
beta_Cl_tSCRMGDL,nan,nan,nan,nan,nan,nan,nan,nan,nan
V1_pop,nan,nan,1,-0.22058,-0.00074956,0.083935,-0.28516,0.13857,0.081345
V2_pop,nan,nan,-0.22058,1,-0.035104,-0.062366,0.37669,-0.25197,-0.1276
omega_Cl,nan,nan,-0.00074956,-0.035104,1,-0.0093867,0.011993,0.011533,-0.062823
omega_V1,nan,nan,0.083935,-0.062366,-0.0093867,1,-0.27841,-0.12359,-0.030773
omega_Q,nan,nan,-0.28516,0.37669,0.011993,-0.27841,1,-0.097143,-0.14298
omega_V2,nan,nan,0.13857,-0.25197,0.011533,-0.12359,-0.097143,1,0.05208
a,nan,nan,0.081345,-0.1276,-0.062823,-0.030773,-0.14298,0.05208,1
