Cl_pop,1,-0.95231,0.01617,-0.031864,0.067982,0.0010722,-0.017619,0.011815,0.0034315
beta_Cl_tSCRMGDL,-0.95231,1,-0.010546,0.014873,-0.01335,-0.0032066,0.011398,-0.0018016,-0.0010258
V1_pop,0.01617,-0.010546,1,-0.312,-0.0022089,0.16073,-0.32617,0.26422,0.017885
V2_pop,-0.031864,0.014873,-0.312,1,-0.015993,-0.1119,0.47853,-0.42607,-0.063578
omega_Cl,0.067982,-0.01335,-0.0022089,-0.015993,1,-0.019933,0.013561,0.0049078,-0.021858
omega_V1,0.0010722,-0.0032066,0.16073,-0.1119,-0.019933,1,-0.29876,-0.052523,-0.077965
omega_Q,-0.017619,0.011398,-0.32617,0.47853,0.013561,-0.29876,1,-0.28111,-0.021896
omega_V2,0.011815,-0.0018016,0.26422,-0.42607,0.0049078,-0.052523,-0.28111,1,0.016872
a,0.0034315,-0.0010258,0.017885,-0.063578,-0.021858,-0.077965,-0.021896,0.016872,1
