Cl_pop,17.413,-0.72745,0.16483,-0.55816,0.012233,0.00035846,-0.026891,0.013682,0.0028818
beta_Cl_tSCRMGDL,-0.72745,0.03351,-0.0047161,0.011429,-0.00010538,-4.703e-5,0.00076312,-9.1526e-5,-3.779e-5
V1_pop,0.16483,-0.0047161,5.9674,-3.1994,-0.00023269,0.031458,-0.29142,0.17913,0.0087926
V2_pop,-0.55816,0.011429,-3.1994,17.622,-0.0028951,-0.037635,0.73471,-0.49637,-0.053712
omega_Cl,0.012233,-0.00010538,-0.00023269,-0.0028951,0.0018595,-6.8866e-5,0.00021388,5.8734e-5,-0.00018969
omega_V1,0.00035846,-4.703e-5,0.031458,-0.037635,-6.8866e-5,0.006419,-0.0087546,-0.0011679,-0.0012571
omega_Q,-0.026891,0.00076312,-0.29142,0.73471,0.00021388,-0.0087546,0.13377,-0.028534,-0.0016117
omega_V2,0.013682,-9.1526e-5,0.17913,-0.49637,5.8734e-5,-0.0011679,-0.028534,0.077021,0.00094237
a,0.0028818,-3.779e-5,0.0087926,-0.053712,-0.00018969,-0.0012571,-0.0016117,0.00094237,0.040502
