Cl_pop,1,-0.92765,0.0077268,-0.031086,-0.0044776,-0.0040172,-0.020387,0.010049,0.021361
beta_Cl_tSCRMGDL,-0.92765,1,-0.0066613,0.01187,0.23658,0.0015413,0.01719,-0.0071564,-0.013727
V1_pop,0.0077268,-0.0066613,1,-0.18457,-0.0093305,0.066522,-0.21641,0.1576,0.05169
V2_pop,-0.031086,0.01187,-0.18457,1,-0.013736,-0.071687,0.39199,-0.22092,-0.1503
omega_Cl,-0.0044776,0.23658,-0.0093305,-0.013736,1,-0.0023584,0.010376,-0.013921,-0.019398
omega_V1,-0.0040172,0.0015413,0.066522,-0.071687,-0.0023584,1,-0.22766,-0.062333,-0.070956
omega_Q,-0.020387,0.01719,-0.21641,0.39199,0.010376,-0.22766,1,-0.21846,-0.10411
omega_V2,0.010049,-0.0071564,0.1576,-0.22092,-0.013921,-0.062333,-0.21846,1,0.074107
a,0.021361,-0.013727,0.05169,-0.1503,-0.019398,-0.070956,-0.10411,0.074107,1
