Cl_pop,16.451,-0.70922,0.069861,-0.48116,-0.00082649,-0.0013057,-0.027444,0.0093621,0.017579
beta_Cl_tSCRMGDL,-0.70922,0.03553,-0.0027989,0.0085383,0.0020294,2.3282e-5,0.0010754,-0.00030985,-0.00052498
V1_pop,0.069861,-0.0027989,4.9691,-1.5701,-0.00094652,0.011883,-0.1601,0.080694,0.023378
V2_pop,-0.48116,0.0085383,-1.5701,14.563,-0.0023854,-0.021923,0.49647,-0.19365,-0.11638
omega_Cl,-0.00082649,0.0020294,-0.00094652,-0.0023854,0.002071,-8.6009e-6,0.00015671,-0.00014551,-0.0001791
omega_V1,-0.0013057,2.3282e-5,0.011883,-0.021923,-8.6009e-6,0.0064218,-0.0060548,-0.0011474,-0.0011537
omega_Q,-0.027444,0.0010754,-0.1601,0.49647,0.00015671,-0.0060548,0.11015,-0.016653,-0.0070103
omega_V2,0.0093621,-0.00030985,0.080694,-0.19365,-0.00014551,-0.0011474,-0.016653,0.052761,0.0034537
a,0.017579,-0.00052498,0.023378,-0.11638,-0.0001791,-0.0011537,-0.0070103,0.0034537,0.041166
