Cl_pop,1,-0.95383,0.0059424,-0.027805,0.016408,-0.0029796,-0.016941,-0.0067972,0.0099136
beta_Cl_tSCRMGDL,-0.95383,1,-0.0029921,0.014518,-0.015583,-0.00092727,0.01354,0.0087164,-0.0066129
V1_pop,0.0059424,-0.0029921,1,-0.17224,0.016731,0.033062,0.042044,0.22567,-0.012897
V2_pop,-0.027805,0.014518,-0.17224,1,-0.033964,0.064697,0.20705,-0.16043,-0.086756
omega_Cl,0.016408,-0.015583,0.016731,-0.033964,1,-0.028025,-0.0045192,0.0045869,-0.01408
omega_V1,-0.0029796,-0.00092727,0.033062,0.064697,-0.028025,1,-0.15757,-0.20649,-0.018471
omega_Q,-0.016941,0.01354,0.042044,0.20705,-0.0045192,-0.15757,1,0.035615,-0.11717
omega_V2,-0.0067972,0.0087164,0.22567,-0.16043,0.0045869,-0.20649,0.035615,1,-0.059133
a,0.0099136,-0.0066129,-0.012897,-0.086756,-0.01408,-0.018471,-0.11717,-0.059133,1
