Cl_pop,16.517,-0.7109,0.057984,-0.38731,0.002854,-0.00096198,-0.023677,-0.0066401,0.0079501
beta_Cl_tSCRMGDL,-0.7109,0.033632,-0.0013174,0.0091255,-0.00012231,-1.3509e-5,0.00085394,0.00038423,-0.0002393
V1_pop,0.057984,-0.0013174,5.7644,-1.4173,0.0017191,0.0063058,0.034714,0.13023,-0.0061101
V2_pop,-0.38731,0.0091255,-1.4173,11.747,-0.004982,0.017615,0.24405,-0.13217,-0.058674
omega_Cl,0.002854,-0.00012231,0.0017191,-0.004982,0.0018316,-9.528e-5,-6.6514e-5,4.7186e-5,-0.0001189
omega_V1,-0.00096198,-1.3509e-5,0.0063058,0.017615,-9.528e-5,0.0063108,-0.0043047,-0.003943,-0.00028954
omega_Q,-0.023677,0.00085394,0.034714,0.24405,-6.6514e-5,-0.0043047,0.11827,0.002944,-0.0079508
omega_V2,-0.0066401,0.00038423,0.13023,-0.13217,4.7186e-5,-0.003943,0.002944,0.057777,-0.0028047
a,0.0079501,-0.0002393,-0.0061101,-0.058674,-0.0001189,-0.00028954,-0.0079508,-0.0028047,0.038936
