Cl_pop,1,-0.95369,0.011573,-0.024005,0.013474,-0.0036339,-0.0085572,0.0002498,0.011835
beta_Cl_tSCRMGDL,-0.95369,1,-0.0081683,0.0094274,-0.013366,0.00077326,0.0045684,0.0047312,-0.0072532
V1_pop,0.011573,-0.0081683,1,-0.27205,0.0009519,-0.067744,-0.26142,0.24795,0.060084
V2_pop,-0.024005,0.0094274,-0.27205,1,-0.016293,0.057227,0.44475,-0.34576,-0.15593
omega_Cl,0.013474,-0.013366,0.0009519,-0.016293,1,-0.010236,0.0095766,-0.0028148,-0.021322
omega_V1,-0.0036339,0.00077326,-0.067744,0.057227,-0.010236,1,-0.050123,-0.18818,-0.056804
omega_Q,-0.0085572,0.0045684,-0.26142,0.44475,0.0095766,-0.050123,1,-0.2142,-0.11959
omega_V2,0.0002498,0.0047312,0.24795,-0.34576,-0.0028148,-0.18818,-0.2142,1,0.037615
a,0.011835,-0.0072532,0.060084,-0.15593,-0.021322,-0.056804,-0.11959,0.037615,1
