Cl_pop,16.475,-0.70868,0.2606,-0.8492,0.0025667,0.004398,-0.060365,0.014536,0.017343
beta_Cl_tSCRMGDL,-0.70868,0.033567,0.0033868,-0.0032576,3.9295e-5,0.00013041,-0.0010271,0.00035775,-8.6262e-5
V1_pop,0.2606,0.0033868,11.042,-12.461,-0.0031611,0.15391,-1.447,0.30963,0.15357
V2_pop,-0.8492,-0.0032576,-12.461,37.217,0.002056,-0.31872,3.1402,-0.67197,-0.41957
omega_Cl,0.0025667,3.9295e-5,-0.0031611,0.002056,0.0018324,-0.00022967,0.00094773,7.6321e-5,-0.00013487
omega_V1,0.004398,0.00013041,0.15391,-0.31872,-0.00022967,0.01286,-0.046122,0.0018202,0.0044214
omega_Q,-0.060365,-0.0010271,-1.447,3.1402,0.00094773,-0.046122,0.43636,-0.061973,-0.04396
omega_V2,0.014536,0.00035775,0.30963,-0.67197,7.6321e-5,0.0018202,-0.061973,0.064252,0.0053299
a,0.017343,-8.6262e-5,0.15357,-0.41957,-0.00013487,0.0044214,-0.04396,0.0053299,0.048984
