Cl_pop,16.436,-0.70823,0.04374,-0.26319,0.0015189,-0.0012592,-0.0051092,-0.0046307,0.0097398
beta_Cl_tSCRMGDL,-0.70823,0.033544,5.5638e-5,0.0012947,-5.5032e-5,0.00014197,-0.00055354,0.00022315,-0.0001895
V1_pop,0.04374,5.5638e-5,6.4105,-2.9077,-0.00060224,0.066729,-0.43423,0.018879,0.02473
V2_pop,-0.26319,0.0012947,-2.9077,15.231,-0.0012376,-0.11617,0.86833,-0.006985,-0.10285
omega_Cl,0.0015189,-5.5032e-5,-0.00060224,-0.0012376,0.0018554,-0.00010619,0.000408,-8.5028e-6,-0.00016636
omega_V1,-0.0012592,0.00014197,0.066729,-0.11617,-0.00010619,0.010036,-0.023481,-0.0037039,0.00025603
omega_Q,-0.0051092,-0.00055354,-0.43423,0.86833,0.000408,-0.023481,0.19297,0.0050293,-0.010175
omega_V2,-0.0046307,0.00022315,0.018879,-0.006985,-8.5028e-6,-0.0037039,0.0050293,0.042627,-0.0016135
a,0.0097398,-0.0001895,0.02473,-0.10285,-0.00016636,0.00025603,-0.010175,-0.0016135,0.042337
