Cl_pop,1,-0.9537,0.0078936,-0.028423,0.019119,-0.0063629,-0.01689,0.0066687,0.0052833
beta_Cl_tSCRMGDL,-0.9537,1,-0.0021478,0.010529,-0.01513,0.0030969,0.0070136,0.003222,-0.0023672
V1_pop,0.0078936,-0.0021478,1,-0.22272,0.0074829,0.1094,-0.050208,0.24573,-0.014019
V2_pop,-0.028423,0.010529,-0.22272,1,-0.03031,-0.033765,0.37401,-0.30103,-0.15016
omega_Cl,0.019119,-0.01513,0.0074829,-0.03031,1,-0.030032,-0.0094264,0.016556,0.0025681
omega_V1,-0.0063629,0.0030969,0.1094,-0.033765,-0.030032,1,-0.17896,-0.12706,0.016977
omega_Q,-0.01689,0.0070136,-0.050208,0.37401,-0.0094264,-0.17896,1,-0.12617,-0.25115
omega_V2,0.0066687,0.003222,0.24573,-0.30103,0.016556,-0.12706,-0.12617,1,0.0080711
a,0.0052833,-0.0023672,-0.014019,-0.15016,0.0025681,0.016977,-0.25115,0.0080711,1
