Cl_pop,16.487,-0.70952,0.078614,-0.44309,0.0032985,-0.0022774,-0.025035,0.0070601,0.0044564
beta_Cl_tSCRMGDL,-0.70952,0.033571,-0.00096521,0.0074071,-0.00011779,5.0016e-5,0.00046909,0.00015392,-9.01e-5
V1_pop,0.078614,-0.00096521,6.0159,-2.0973,0.00077984,0.023651,-0.044952,0.15714,-0.0071432
V2_pop,-0.44309,0.0074071,-2.0973,14.741,-0.0049446,-0.011427,0.52417,-0.30135,-0.11976
omega_Cl,0.0032985,-0.00011779,0.00077984,-0.0049446,0.0018054,-0.00011248,-0.0001462,0.00018341,2.2667e-5
omega_V1,-0.0022774,5.0016e-5,0.023651,-0.011427,-0.00011248,0.0077697,-0.0057582,-0.0029203,0.00031087
omega_Q,-0.025035,0.00046909,-0.044952,0.52417,-0.0001462,-0.0057582,0.13325,-0.012008,-0.019045
omega_V2,0.0070601,0.00015392,0.15714,-0.30135,0.00018341,-0.0029203,-0.012008,0.067981,0.00043716
a,0.0044564,-9.01e-5,-0.0071432,-0.11976,2.2667e-5,0.00031087,-0.019045,0.00043716,0.043154
