Cl_pop,1,-0.94419,0.14329,-0.14384,0.022243,nan,-0.1418,0.13442,0.06158
beta_Cl_tSCRMGDL,-0.94419,1,-0.0022154,0.0026718,-0.020654,nan,0.0017021,-0.0021608,-0.0013407
V1_pop,0.14329,-0.0022154,1,-0.98402,-0.048848,nan,-0.98962,0.92705,0.40397
V2_pop,-0.14384,0.0026718,-0.98402,1,0.046076,nan,0.98139,-0.93993,-0.41443
omega_Cl,0.022243,-0.020654,-0.048848,0.046076,1,nan,0.050572,-0.04523,-0.035467
omega_V1,nan,nan,nan,nan,nan,nan,nan,nan,nan
omega_Q,-0.1418,0.0017021,-0.98962,0.98139,0.050572,nan,1,-0.92387,-0.41447
omega_V2,0.13442,-0.0021608,0.92705,-0.93993,-0.04523,nan,-0.92387,1,0.38508
a,0.06158,-0.0013407,0.40397,-0.41443,-0.035467,nan,-0.41447,0.38508,1
