Cl_pop,1,-0.95372,0.0087742,-0.022991,0.0048322,0.00066012,-0.0092947,0.0021669,0.0123
beta_Cl_tSCRMGDL,-0.95372,1,-0.0051768,0.0090863,-0.0068773,-0.00086815,0.0065768,0.0023828,-0.0047877
V1_pop,0.0087742,-0.0051768,1,-0.15995,-0.0022108,-0.067961,-0.10877,0.11909,0.067556
V2_pop,-0.022991,0.0090863,-0.15995,1,-0.0033413,-0.092733,0.37774,-0.38125,-0.15738
omega_Cl,0.0048322,-0.0068773,-0.0022108,-0.0033413,1,-0.025309,0.033036,-0.010614,-0.015087
omega_V1,0.00066012,-0.00086815,-0.067961,-0.092733,-0.025309,1,-0.27842,-0.046282,-0.017838
omega_Q,-0.0092947,0.0065768,-0.10877,0.37774,0.033036,-0.27842,1,-0.12364,-0.16986
omega_V2,0.0021669,0.0023828,0.11909,-0.38125,-0.010614,-0.046282,-0.12364,1,0.031756
a,0.0123,-0.0047877,0.067556,-0.15738,-0.015087,-0.017838,-0.16986,0.031756,1
