Cl_pop,16.439,-0.70788,0.077704,-0.30651,0.00084143,0.00020796,-0.015346,0.001928,0.010346
beta_Cl_tSCRMGDL,-0.70788,0.033512,-0.00207,0.0054693,-5.407e-5,-1.2348e-5,0.00049026,9.5724e-5,-0.00018182
V1_pop,0.077704,-0.00207,4.7708,-1.1487,-0.00020739,-0.011534,-0.096743,0.057084,0.03061
V2_pop,-0.30651,0.0054693,-1.1487,10.812,-0.00047184,-0.023691,0.50577,-0.2751,-0.10735
omega_Cl,0.00084143,-5.407e-5,-0.00020739,-0.00047184,0.0018445,-8.4456e-5,0.00057775,-0.00010003,-0.00013441
omega_V1,0.00020796,-1.2348e-5,-0.011534,-0.023691,-8.4456e-5,0.0060369,-0.008809,-0.00078915,-0.00028752
omega_Q,-0.015346,0.00049026,-0.096743,0.50577,0.00057775,-0.008809,0.16582,-0.011048,-0.014349
omega_V2,0.001928,9.5724e-5,0.057084,-0.2751,-0.00010003,-0.00078915,-0.011048,0.048159,0.0014457
a,0.010346,-0.00018182,0.03061,-0.10735,-0.00013441,-0.00028752,-0.014349,0.0014457,0.043035
