Cl_pop,1,-0.95354,0.011467,-0.022234,0.017136,-0.010298,-0.0025686,0.0069598,0.0023281
beta_Cl_tSCRMGDL,-0.95354,1,-0.0018855,0.003538,-0.011998,0.0069382,-0.005341,0.0027599,0.0019243
V1_pop,0.011467,-0.0018855,1,-0.28778,-0.0089174,-0.069165,-0.36239,0.22973,0.087953
V2_pop,-0.022234,0.003538,-0.28778,1,-0.0036047,-0.010887,0.45874,-0.27978,-0.12621
omega_Cl,0.017136,-0.011998,-0.0089174,-0.0036047,1,-0.011563,0.025208,-0.014076,-0.029541
omega_V1,-0.010298,0.0069382,-0.069165,-0.010887,-0.011563,1,-0.19012,-0.12933,-0.10749
omega_Q,-0.0025686,-0.005341,-0.36239,0.45874,0.025208,-0.19012,1,-0.2361,-0.094508
omega_V2,0.0069598,0.0027599,0.22973,-0.27978,-0.014076,-0.12933,-0.2361,1,0.074
a,0.0023281,0.0019243,0.087953,-0.12621,-0.029541,-0.10749,-0.094508,0.074,1
