Cl_pop,16.462,-0.70858,0.11299,-0.36488,0.0030057,-0.0031856,-0.0037636,0.0066941,0.0019519
beta_Cl_tSCRMGDL,-0.70858,0.033544,-0.0008387,0.002621,-9.4998e-5,9.6884e-5,-0.00035326,0.00011983,7.2829e-5
V1_pop,0.11299,-0.0008387,5.8981,-2.8269,-0.00093627,-0.012807,-0.31784,0.13226,0.044138
V2_pop,-0.36488,0.002621,-2.8269,16.36,-0.00063033,-0.0033575,0.67007,-0.26827,-0.10549
omega_Cl,0.0030057,-9.4998e-5,-0.00093627,-0.00063033,0.001869,-3.8114e-5,0.00039357,-0.00014425,-0.0002639
omega_V1,-0.0031856,9.6884e-5,-0.012807,-0.0033575,-3.8114e-5,0.0058129,-0.0052348,-0.0023375,-0.0016934
omega_Q,-0.0037636,-0.00035326,-0.31784,0.67007,0.00039357,-0.0052348,0.13042,-0.020213,-0.0070525
omega_V2,0.0066941,0.00011983,0.13226,-0.26827,-0.00014425,-0.0023375,-0.020213,0.056197,0.0036249
a,0.0019519,7.2829e-5,0.044138,-0.10549,-0.0002639,-0.0016934,-0.0070525,0.0036249,0.042699
