Cl_pop,1,-0.84554,0.007642,-0.022137,0.026215,0.0065967,-0.0090281,0.00078658,0.0056468
beta_Cl_tSCRMGDL,-0.84554,1,-0.00068865,0.012612,-0.48681,0.0039824,-0.008738,0.0058728,0.014383
V1_pop,0.007642,-0.00068865,1,-0.30743,-0.0072958,0.29842,-0.41425,0.18282,0.045567
V2_pop,-0.022137,0.012612,-0.30743,1,-0.0098742,-0.245,0.44497,-0.21084,-0.11851
omega_Cl,0.026215,-0.48681,-0.0072958,-0.0098742,1,-0.020109,0.031624,-0.0030076,-0.043629
omega_V1,0.0065967,0.0039824,0.29842,-0.245,-0.020109,1,-0.47011,-0.015015,0.018476
omega_Q,-0.0090281,-0.008738,-0.41425,0.44497,0.031624,-0.47011,1,-0.16664,-0.11811
omega_V2,0.00078658,0.0058728,0.18282,-0.21084,-0.0030076,-0.015015,-0.16664,1,0.005084
a,0.0056468,0.014383,0.045567,-0.11851,-0.043629,0.018476,-0.11811,0.005084,1
