Cl_pop,15.417,-0.68461,0.21881,-0.56094,-0.0095203,0.0064305,-0.04901,-0.011706,0.015185
beta_Cl_tSCRMGDL,-0.68461,0.033556,-0.0070435,0.014583,-6.0942e-5,-0.00030196,0.0016985,0.00079096,-0.00033539
V1_pop,0.21881,-0.0070435,6.2452,-2.8977,-0.0010462,0.051805,-0.36525,0.071892,0.06074
V2_pop,-0.56094,0.014583,-2.8977,15.649,-0.001602,-0.073952,0.73371,-0.09442,-0.18865
omega_Cl,-0.0095203,-6.0942e-5,-0.0010462,-0.001602,0.0018806,-0.0001189,0.00032124,-2.7915e-5,-0.00024919
omega_V1,0.0064305,-0.00030196,0.051805,-0.073952,-0.0001189,0.0097305,-0.018288,-0.0064036,0.0028634
omega_Q,-0.04901,0.0016985,-0.36525,0.73371,0.00032124,-0.018288,0.16098,0.0020418,-0.022731
omega_V2,-0.011706,0.00079096,0.071892,-0.09442,-2.7915e-5,-0.0064036,0.0020418,0.061944,-0.0011249
a,0.015185,-0.00033539,0.06074,-0.18865,-0.00024919,0.0028634,-0.022731,-0.0011249,0.041676
