Cl_pop,16.428,-0.70732,0.11285,-0.34189,0.0016566,-0.0027156,-0.013154,-0.00097286,0.0086793
beta_Cl_tSCRMGDL,-0.70732,0.033482,-0.0033362,0.0066527,-6.3536e-5,6.7351e-5,0.00038701,0.00020737,-0.00015214
V1_pop,0.11285,-0.0033362,5.3639,-1.3638,0.00096005,-0.027079,-0.13371,0.078854,0.018493
V2_pop,-0.34189,0.0066527,-1.3638,12.89,-0.0041732,0.0027826,0.38832,-0.046985,-0.078193
omega_Cl,0.0016566,-6.3536e-5,0.00096005,-0.0041732,0.0018848,-3.5606e-5,2.8197e-5,3.6426e-5,-0.00021541
omega_V1,-0.0027156,6.7351e-5,-0.027079,0.0027826,-3.5606e-5,0.0057743,-0.0025865,-0.0018062,-0.00073382
omega_Q,-0.013154,0.00038701,-0.13371,0.38832,2.8197e-5,-0.0025865,0.11292,-0.0068107,-0.0066684
omega_V2,-0.00097286,0.00020737,0.078854,-0.046985,3.6426e-5,-0.0018062,-0.0068107,0.044565,-0.0010462
a,0.0086793,-0.00015214,0.018493,-0.078193,-0.00021541,-0.00073382,-0.0066684,-0.0010462,0.041179
