Cl_pop,1,-0.95369,0.0041935,-0.015523,0.01319,-0.0071359,0.00033711,0.0010654,0.0085386
beta_Cl_tSCRMGDL,-0.95369,1,0.00071916,-0.00045917,-0.0096941,0.0084881,-0.0091071,0.0068226,-0.0057854
V1_pop,0.0041935,0.00071916,1,-0.21335,-0.0028449,0.02586,-0.16823,0.22273,0.032089
V2_pop,-0.015523,-0.00045917,-0.21335,1,-0.0052632,-0.11383,0.49115,-0.29141,-0.11793
omega_Cl,0.01319,-0.0096941,-0.0028449,-0.0052632,1,-0.028135,0.036951,0.001449,-0.022959
omega_V1,-0.0071359,0.0084881,0.02586,-0.11383,-0.028135,1,-0.26892,-0.094252,0.018522
omega_Q,0.00033711,-0.0091071,-0.16823,0.49115,0.036951,-0.26892,1,-0.2197,-0.12563
omega_V2,0.0010654,0.0068226,0.22273,-0.29141,0.001449,-0.094252,-0.2197,1,0.021291
a,0.0085386,-0.0057854,0.032089,-0.11793,-0.022959,0.018522,-0.12563,0.021291,1
