Cl_pop,nan,nan,nan,nan,nan,nan,nan,nan,nan
beta_Cl_tSCRMGDL,nan,1,0.017128,0.027117,-0.97556,0.043679,-0.045812,-0.0054363,0.12535
V1_pop,nan,0.017128,1,-0.31323,-0.014246,0.22515,-0.40967,0.17059,0.053736
V2_pop,nan,0.027117,-0.31323,1,-0.036906,-0.14319,0.42573,-0.27318,-0.0971
omega_Cl,nan,-0.97556,-0.014246,-0.036906,1,-0.04363,0.043878,0.0093518,-0.13455
omega_V1,nan,0.043679,0.22515,-0.14319,-0.04363,1,-0.38032,-0.10458,-0.051095
omega_Q,nan,-0.045812,-0.40967,0.42573,0.043878,-0.38032,1,-0.13592,-0.069998
omega_V2,nan,-0.0054363,0.17059,-0.27318,0.0093518,-0.10458,-0.13592,1,0.046293
a,nan,0.12535,0.053736,-0.0971,-0.13455,-0.051095,-0.069998,0.046293,1
