Cl_pop,1,-0.9537,0.007778,-0.023248,0.013704,-0.0014465,-0.0082547,-0.006212,0.01064
beta_Cl_tSCRMGDL,-0.9537,1,-0.0032982,0.0096008,-0.012273,-0.0041666,0.0049687,0.010623,-0.0032886
V1_pop,0.007778,-0.0032982,1,-0.14087,0.0065831,-0.20955,-0.20189,0.13186,0.097346
V2_pop,-0.023248,0.0096008,-0.14087,1,-0.019499,0.020856,0.28382,-0.13469,-0.14278
omega_Cl,0.013704,-0.012273,0.0065831,-0.019499,1,-0.020468,0.0094945,-0.0022025,-0.0093542
omega_V1,-0.0014465,-0.0041666,-0.20955,0.020856,-0.020468,1,-0.099971,-0.069402,-0.093056
omega_Q,-0.0082547,0.0049687,-0.20189,0.28382,0.0094945,-0.099971,1,-0.12963,-0.092157
omega_V2,-0.006212,0.010623,0.13186,-0.13469,-0.0022025,-0.069402,-0.12963,1,0.003931
a,0.01064,-0.0032886,0.097346,-0.14278,-0.0093542,-0.093056,-0.092157,0.003931,1
