Cl_pop,16.443,-0.70803,0.29455,-0.50739,0.002668,nan,-0.016939,0.012885,0.0077747
beta_Cl_tSCRMGDL,-0.70803,0.033533,0.00010161,0.00087059,-7.8755e-5,nan,-0.00022348,0.00013749,-0.00017689
V1_pop,0.29455,0.00010161,11.5,-10.536,-0.00098603,nan,-0.70957,0.38448,-0.010572
V2_pop,-0.50739,0.00087059,-10.536,23.017,-0.0011976,nan,0.87201,-0.67041,-0.058988
omega_Cl,0.002668,-7.8755e-5,-0.00098603,-0.0011976,0.0018049,nan,0.00014201,-5.6348e-6,-0.0002108
omega_V1,nan,nan,nan,nan,nan,nan,nan,nan,nan
omega_Q,-0.016939,-0.00022348,-0.70957,0.87201,0.00014201,nan,0.09587,-0.02913,-0.0020048
omega_V2,0.012885,0.00013749,0.38448,-0.67041,-5.6348e-6,nan,-0.02913,0.063039,0.001379
a,0.0077747,-0.00017689,-0.010572,-0.058988,-0.0002108,nan,-0.0020048,0.001379,0.041789
