Cl_pop,1,-0.95375,-0.009336,-0.013358,0.0094935,-0.015842,0.0037221,-0.0047632,0.0090169
beta_Cl_tSCRMGDL,-0.95375,1,0.012716,-0.0038751,-0.0092027,0.020507,-0.013917,0.0074924,-0.0026185
V1_pop,-0.009336,0.012716,1,-0.20178,-0.01308,0.22985,-0.18835,0.12455,0.021061
V2_pop,-0.013358,-0.0038751,-0.20178,1,-0.00038526,-0.19503,0.42743,-0.099973,-0.12841
omega_Cl,0.0094935,-0.0092027,-0.01308,-0.00038526,1,-0.021833,0.031326,-0.0065986,-0.023299
omega_V1,-0.015842,0.020507,0.22985,-0.19503,-0.021833,1,-0.44787,-0.14927,-0.02917
omega_Q,0.0037221,-0.013917,-0.18835,0.42743,0.031326,-0.44787,1,-0.0037644,-0.10136
omega_V2,-0.0047632,0.0074924,0.12455,-0.099973,-0.0065986,-0.14927,-0.0037644,1,0.0060095
a,0.0090169,-0.0026185,0.021061,-0.12841,-0.023299,-0.02917,-0.10136,0.0060095,1
