Cl_pop,16.462,-0.7091,-0.090966,-0.20331,0.0016474,-0.0064393,0.0063309,-0.0043749,0.0073
beta_Cl_tSCRMGDL,-0.7091,0.033577,0.0055958,-0.0026636,-7.2122e-5,0.00037646,-0.001069,0.00031079,-9.5742e-5
V1_pop,-0.090966,0.0055958,5.7669,-1.8177,-0.0013434,0.055296,-0.18962,0.067707,0.010092
V2_pop,-0.20331,-0.0026636,-1.8177,14.071,-6.1808e-5,-0.073294,0.67214,-0.084894,-0.096118
omega_Cl,0.0016474,-7.2122e-5,-0.0013434,-6.1808e-5,0.0018292,-9.3545e-5,0.00056164,-6.3886e-5,-0.00019883
omega_V1,-0.0064393,0.00037646,0.055296,-0.073294,-9.3545e-5,0.010036,-0.018809,-0.0033852,-0.00058309
omega_Q,0.0063309,-0.001069,-0.18962,0.67214,0.00056164,-0.018809,0.17574,-0.00035723,-0.0084784
omega_V2,-0.0043749,0.00031079,0.067707,-0.084894,-6.3886e-5,-0.0033852,-0.00035723,0.051245,0.00027144
a,0.0073,-9.5742e-5,0.010092,-0.096118,-0.00019883,-0.00058309,-0.0084784,0.00027144,0.039814
