Cl_pop,1,-0.95345,0.015841,-0.039377,0.0078949,0.015415,-0.029242,-0.0070394,0.0061141
beta_Cl_tSCRMGDL,-0.95345,1,-0.010702,0.020916,-0.0022646,-0.016222,0.024706,0.010844,0.00038499
V1_pop,0.015841,-0.010702,1,-0.27978,-0.00791,0.17031,-0.31165,0.094179,0.049324
V2_pop,-0.039377,0.020916,-0.27978,1,-0.012735,-0.22574,0.45225,-0.01479,-0.12665
omega_Cl,0.0078949,-0.0022646,-0.00791,-0.012735,1,-0.019191,0.024027,-0.0051672,-0.048731
omega_V1,0.015415,-0.016222,0.17031,-0.22574,-0.019191,1,-0.43495,-0.15051,-0.073537
omega_Q,-0.029242,0.024706,-0.31165,0.45225,0.024027,-0.43495,1,0.018895,-0.029261
omega_V2,-0.0070394,0.010844,0.094179,-0.01479,-0.0051672,-0.15051,0.018895,1,-0.0096529
a,0.0061141,0.00038499,0.049324,-0.12665,-0.048731,-0.073537,-0.029261,-0.0096529,1
