Cl_pop,1,-0.95382,0.00046568,-0.045818,0.020126,0.016734,-0.024095,-0.03107,0.010535
beta_Cl_tSCRMGDL,-0.95382,1,-0.0022963,0.029621,-0.011286,-0.016867,0.018202,0.026829,-0.0056058
V1_pop,0.00046568,-0.0022963,1,0.015319,-0.0042308,-0.021142,-0.087423,0.17525,-0.0056316
V2_pop,-0.045818,0.029621,0.015319,1,-0.015658,-0.17786,0.42149,0.46003,-0.12613
omega_Cl,0.020126,-0.011286,-0.0042308,-0.015658,1,-0.012269,0.011401,-0.0067292,-0.027171
omega_V1,0.016734,-0.016867,-0.021142,-0.17786,-0.012269,1,-0.28344,-0.14092,-0.019324
omega_Q,-0.024095,0.018202,-0.087423,0.42149,0.011401,-0.28344,1,0.0068836,-0.12194
omega_V2,-0.03107,0.026829,0.17525,0.46003,-0.0067292,-0.14092,0.0068836,1,-0.05194
a,0.010535,-0.0056058,-0.0056316,-0.12613,-0.027171,-0.019324,-0.12194,-0.05194,1
