Cl_pop,1,-0.9537,0.0091513,-0.021845,0.004592,-0.011235,-0.0090163,0.002713,0.007965
beta_Cl_tSCRMGDL,-0.9537,1,-0.0027845,0.0053952,-0.0050594,0.0079989,-0.0016207,0.0041807,-0.0044981
V1_pop,0.0091513,-0.0027845,1,-0.27597,-0.0038075,-0.056882,-0.26597,0.25059,0.026005
V2_pop,-0.021845,0.0053952,-0.27597,1,-0.0090069,0.046468,0.45905,-0.24395,-0.083742
omega_Cl,0.004592,-0.0050594,-0.0038075,-0.0090069,1,-0.018802,0.010852,-0.0044353,-0.015788
omega_V1,-0.011235,0.0079989,-0.056882,0.046468,-0.018802,1,-0.05198,-0.21889,-0.016591
omega_Q,-0.0090163,-0.0016207,-0.26597,0.45905,0.010852,-0.05198,1,-0.24258,-0.074144
omega_V2,0.002713,0.0041807,0.25059,-0.24395,-0.0044353,-0.21889,-0.24258,1,-0.023296
a,0.007965,-0.0044981,0.026005,-0.083742,-0.015788,-0.016591,-0.074144,-0.023296,1
