Cl_pop,16.461,-0.70875,0.091943,-0.33887,0.00080054,-0.003796,-0.015334,0.0026505,0.0064327
beta_Cl_tSCRMGDL,-0.70875,0.033551,-0.001263,0.0037785,-3.9819e-5,0.00012202,-0.00012444,0.0001844,-0.000164
V1_pop,0.091943,-0.001263,6.1321,-2.6129,-0.00040513,-0.011731,-0.27608,0.14943,0.012819
V2_pop,-0.33887,0.0037785,-2.6129,14.619,-0.0014797,0.014796,0.73572,-0.2246,-0.063735
omega_Cl,0.00080054,-3.9819e-5,-0.00040513,-0.0014797,0.0018463,-6.7282e-5,0.00019546,-4.5891e-5,-0.00013503
omega_V1,-0.003796,0.00012202,-0.011731,0.014796,-6.7282e-5,0.0069355,-0.0018146,-0.0043896,-0.00027504
omega_Q,-0.015334,-0.00012444,-0.27608,0.73572,0.00019546,-0.0018146,0.17571,-0.024485,-0.0061865
omega_V2,0.0026505,0.0001844,0.14943,-0.2246,-4.5891e-5,-0.0043896,-0.024485,0.057983,-0.0011166
a,0.0064327,-0.000164,0.012819,-0.063735,-0.00013503,-0.00027504,-0.0061865,-0.0011166,0.039623
