Cl_pop,1,-0.95339,0.017059,-0.038246,0.016679,0.020591,-0.030787,0.019844,0.019294
beta_Cl_tSCRMGDL,-0.95339,1,-0.010148,0.0070781,-0.018662,0.0016357,0.0041142,-0.0015408,-0.011212
V1_pop,0.017059,-0.010148,1,-0.13549,0.014046,-0.26049,-0.074114,0.2543,0.034752
V2_pop,-0.038246,0.0070781,-0.13549,1,0.046562,-0.74442,0.85047,-0.53165,-0.010004
omega_Cl,0.016679,-0.018662,0.014046,0.046562,1,-0.067507,0.066138,-0.029624,-0.0073604
omega_V1,0.020591,0.0016357,-0.26049,-0.74442,-0.067507,1,-0.84889,0.32978,-0.073343
omega_Q,-0.030787,0.0041142,-0.074114,0.85047,0.066138,-0.84889,1,-0.49337,0.021987
omega_V2,0.019844,-0.0015408,0.2543,-0.53165,-0.029624,0.32978,-0.49337,1,-0.016057
a,0.019294,-0.011212,0.034752,-0.010004,-0.0073604,-0.073343,0.021987,-0.016057,1
