Cl_pop,16.504,-0.71001,0.1861,-1.0568,0.0029071,0.018136,-0.092469,0.021899,0.015956
beta_Cl_tSCRMGDL,-0.71001,0.033605,-0.0049957,0.0088257,-0.00014677,6.501e-5,0.0005576,-7.6725e-5,-0.0004184
V1_pop,0.1861,-0.0049957,7.2109,-2.4747,0.0016182,-0.15166,-0.14714,0.1855,0.018998
V2_pop,-1.0568,0.0088257,-2.4747,46.266,0.013588,-1.0978,4.2769,-0.98231,-0.013853
omega_Cl,0.0029071,-0.00014677,0.0016182,0.013588,0.0018407,-0.00062793,0.0020979,-0.00034525,-6.4286e-5
omega_V1,0.018136,6.501e-5,-0.15166,-1.0978,-0.00062793,0.047005,-0.13607,0.019422,-0.0032371
omega_Q,-0.092469,0.0005576,-0.14714,4.2769,0.0020979,-0.13607,0.54661,-0.099085,0.0033093
omega_V2,0.021899,-7.6725e-5,0.1855,-0.98231,-0.00034525,0.019422,-0.099085,0.073788,-0.00088795
a,0.015956,-0.0004184,0.018998,-0.013853,-6.4286e-5,-0.0032371,0.0033093,-0.00088795,0.041443
