Cl_pop,1,0.134,0.012047,0.066674,0.0027566,-0.020694,-0.013775,0.050261,0.041618
V1_pop,0.134,1,-0.07514,0.19887,0.0065882,-0.072405,-0.04515,0.17035,0.14666
Q_pop,0.012047,-0.07514,1,-0.020403,0.0025306,0.0010417,-0.21245,-0.0053158,-0.0092302
V2_pop,0.066674,0.19887,-0.020403,1,-0.014765,0.065281,-0.089817,-0.02277,0.054659
omega_Cl,0.0027566,0.0065882,0.0025306,-0.014765,1,0.1269,-0.0068609,-0.023469,-0.10545
omega_V1,-0.020694,-0.072405,0.0010417,0.065281,0.1269,1,-0.040307,-0.17521,-0.2662
omega_Q,-0.013775,-0.04515,-0.21245,-0.089817,-0.0068609,-0.040307,1,-0.0074806,-0.048582
omega_V2,0.050261,0.17035,-0.0053158,-0.02277,-0.023469,-0.17521,-0.0074806,1,0.073205
b,0.041618,0.14666,-0.0092302,0.054659,-0.10545,-0.2662,-0.048582,0.073205,1
