Cl_pop,1,-0.918,0.007356,-0.026003,0.016405,-0.00072796,-0.010025,0.00057919,0.009338
beta_Cl_tSCRMGDL,-0.918,1,-0.0037307,0.016196,-0.28779,0.00016744,0.0046839,0.0055185,0.0013701
V1_pop,0.007356,-0.0037307,1,-0.28096,-0.00051376,0.077109,-0.29824,0.21617,0.079091
V2_pop,-0.026003,0.016196,-0.28096,1,-0.017684,-0.23686,0.57568,-0.28288,-0.1125
omega_Cl,0.016405,-0.28779,-0.00051376,-0.017684,1,-0.013311,0.0050708,0.0041998,-0.025243
omega_V1,-0.00072796,0.00016744,0.077109,-0.23686,-0.013311,1,-0.43513,-0.046955,-0.10268
omega_Q,-0.010025,0.0046839,-0.29824,0.57568,0.0050708,-0.43513,1,-0.20578,-0.042483
omega_V2,0.00057919,0.0055185,0.21617,-0.28288,0.0041998,-0.046955,-0.20578,1,0.11371
a,0.009338,0.0013701,0.079091,-0.1125,-0.025243,-0.10268,-0.042483,0.11371,1
