Cl_pop,1,-0.95376,0.0027829,-0.023568,0.005857,0.0046073,-0.0082606,-0.013917,0.008615
beta_Cl_tSCRMGDL,-0.95376,1,-7.9741e-5,0.0073647,-0.003682,-0.0043198,0.0019288,0.014399,-0.0050838
V1_pop,0.0027829,-7.9741e-5,1,-0.26656,0.0046275,0.10347,-0.3364,0.17288,-0.027483
V2_pop,-0.023568,0.0073647,-0.26656,1,-0.012698,-0.15316,0.47522,-0.13381,-0.041151
omega_Cl,0.005857,-0.003682,0.0046275,-0.012698,1,-0.011786,0.00511,0.0047274,-0.012615
omega_V1,0.0046073,-0.0043198,0.10347,-0.15316,-0.011786,1,-0.3048,-0.069648,-0.091565
omega_Q,-0.0082606,0.0019288,-0.3364,0.47522,0.00511,-0.3048,1,-0.12112,0.012502
omega_V2,-0.013917,0.014399,0.17288,-0.13381,0.0047274,-0.069648,-0.12112,1,-0.081288
a,0.008615,-0.0050838,-0.027483,-0.041151,-0.012615,-0.091565,0.012502,-0.081288,1
