Cl_pop,1,-0.88859,0.0065106,-0.009011,-0.34449,0.0046183,-0.007433,-0.0024312,0.00091592
beta_Cl_tSCRMGDL,-0.88859,1,0.0020253,-0.00042951,-0.018954,0.00092368,-0.0066817,0.0092532,0.0090788
V1_pop,0.0065106,0.0020253,1,-0.35177,-0.0036714,0.30063,-0.42874,0.15154,0.049519
V2_pop,-0.009011,-0.00042951,-0.35177,1,-0.021649,-0.25067,0.49741,-0.26892,-0.10256
omega_Cl,-0.34449,-0.018954,-0.0036714,-0.021649,1,-0.016757,0.015791,0.016192,-0.032078
omega_V1,0.0046183,0.00092368,0.30063,-0.25067,-0.016757,1,-0.51942,-0.14263,-0.064731
omega_Q,-0.007433,-0.0066817,-0.42874,0.49741,0.015791,-0.51942,1,-0.12285,-0.061954
omega_V2,-0.0024312,0.0092532,0.15154,-0.26892,0.016192,-0.14263,-0.12285,1,0.049729
a,0.00091592,0.0090788,0.049519,-0.10256,-0.032078,-0.064731,-0.061954,0.049729,1
