Cl_pop,16.423,-0.70712,0.051082,-0.28903,0.00058716,0.0011932,-0.010262,-0.0010187,0.0058979
beta_Cl_tSCRMGDL,-0.70712,0.033477,-0.0010355,0.003488,-2.7984e-5,-5.129e-5,0.00016372,0.00032787,-0.00010583
V1_pop,0.051082,-0.0010355,5.5704,-2.1796,3.3915e-5,0.023065,-0.26268,0.093212,0.0023843
V2_pop,-0.28903,0.003488,-2.1796,12.409,-0.0032681,-0.032909,0.55018,-0.24722,-0.052674
omega_Cl,0.00058716,-2.7984e-5,3.3915e-5,-0.0032681,0.0018408,-1.49e-5,-2.8837e-6,-1.8435e-6,-0.00013304
omega_V1,0.0011932,-5.129e-5,0.023065,-0.032909,-1.49e-5,0.0069397,-0.010775,-0.0023741,-0.00058058
omega_Q,-0.010262,0.00016372,-0.26268,0.55018,-2.8837e-6,-0.010775,0.14713,-0.012499,-0.0030811
omega_V2,-0.0010187,0.00032787,0.093212,-0.24722,-1.8435e-6,-0.0023741,-0.012499,0.05266,-0.0020196
a,0.0058979,-0.00010583,0.0023843,-0.052674,-0.00013304,-0.00058058,-0.0030811,-0.0020196,0.041716
