Cl_pop,1,-0.95379,0.0035346,-0.022028,0.0021405,-0.010317,0.0028162,-0.0063729,0.021483
beta_Cl_tSCRMGDL,-0.95379,1,-0.00017535,0.0086106,-0.0022965,0.0057006,-0.0049245,0.012147,-0.014422
V1_pop,0.0035346,-0.00017535,1,-0.14639,0.0079875,-0.2175,-0.17543,0.19355,0.073941
V2_pop,-0.022028,0.0086106,-0.14639,1,-0.020735,0.035423,0.26518,-0.1649,-0.081957
omega_Cl,0.0021405,-0.0022965,0.0079875,-0.020735,1,0.00033594,0.0043321,0.003346,-0.020121
omega_V1,-0.010317,0.0057006,-0.2175,0.035423,0.00033594,1,-0.093617,-0.14903,-0.11644
omega_Q,0.0028162,-0.0049245,-0.17543,0.26518,0.0043321,-0.093617,1,-0.1899,-0.013431
omega_V2,-0.0063729,0.012147,0.19355,-0.1649,0.003346,-0.14903,-0.1899,1,0.0077226
a,0.021483,-0.014422,0.073941,-0.081957,-0.020121,-0.11644,-0.013431,0.0077226,1
