Cl_pop,16.478,-0.7096,0.032309,-0.32002,0.00037336,-0.0030377,0.0032569,-0.0060228,0.017903
beta_Cl_tSCRMGDL,-0.7096,0.033591,-7.237e-5,0.005648,-1.8085e-5,7.5782e-5,-0.00025713,0.0005183,-0.00054265
V1_pop,0.032309,-7.237e-5,5.0707,-1.1798,0.00077285,-0.035525,-0.11254,0.10147,0.034183
V2_pop,-0.32002,0.005648,-1.1798,12.809,-0.0031887,0.0091955,0.27038,-0.1374,-0.060219
omega_Cl,0.00037336,-1.8085e-5,0.00077285,-0.0031887,0.0018463,1.047e-6,5.3031e-5,3.3472e-5,-0.0001775
omega_V1,-0.0030377,7.5782e-5,-0.035525,0.0091955,1.047e-6,0.005261,-0.0019345,-0.0025167,-0.0017339
omega_Q,0.0032569,-0.00025713,-0.11254,0.27038,5.3031e-5,-0.0019345,0.081165,-0.012596,-0.00078555
omega_V2,-0.0060228,0.0005183,0.10147,-0.1374,3.3472e-5,-0.0025167,-0.012596,0.054203,0.00036912
a,0.017903,-0.00054265,0.034183,-0.060219,-0.0001775,-0.0017339,-0.00078555,0.00036912,0.042149
