Cl_pop,1,-0.95371,0.0041402,-0.022039,0.008383,-0.0055736,-0.0027424,-0.011218,0.022598
beta_Cl_tSCRMGDL,-0.95371,1,-0.0005984,0.0080312,-0.0088826,0.0011202,-0.0006706,0.015492,-0.011579
V1_pop,0.0041402,-0.0005984,1,-0.19748,0.001525,-0.21663,-0.29297,0.17104,0.055761
V2_pop,-0.022039,0.0080312,-0.19748,1,-0.016437,0.049142,0.29404,-0.16911,-0.11729
omega_Cl,0.008383,-0.0088826,0.001525,-0.016437,1,-0.015418,0.0028601,0.0043212,-0.0098395
omega_V1,-0.0055736,0.0011202,-0.21663,0.049142,-0.015418,1,-0.059064,-0.16873,-0.10512
omega_Q,-0.0027424,-0.0006706,-0.29297,0.29404,0.0028601,-0.059064,1,-0.12773,-0.067428
omega_V2,-0.011218,0.015492,0.17104,-0.16911,0.0043212,-0.16873,-0.12773,1,-0.0029016
a,0.022598,-0.011579,0.055761,-0.11729,-0.0098395,-0.10512,-0.067428,-0.0029016,1
