Cl_pop,1,-0.95367,0.010648,-0.030068,0.0085515,0.012404,-0.021077,-0.0023652,0.007519
beta_Cl_tSCRMGDL,-0.95367,1,-0.0025788,0.013607,-0.0043828,-0.013681,0.014274,0.0055326,-0.00724
V1_pop,0.010648,-0.0025788,1,-0.3412,0.0078795,-0.1981,-0.37719,0.15391,-0.031288
V2_pop,-0.030068,0.013607,-0.3412,1,-0.01581,-0.1599,0.51294,-0.14057,-0.026565
omega_Cl,0.0085515,-0.0043828,0.0078795,-0.01581,1,-0.030115,0.021565,0.011055,-0.03363
omega_V1,0.012404,-0.013681,-0.1981,-0.1599,-0.030115,1,-0.37884,-0.10944,-0.050776
omega_Q,-0.021077,0.014274,-0.37719,0.51294,0.021565,-0.37884,1,-0.10266,0.00055807
omega_V2,-0.0023652,0.0055326,0.15391,-0.14057,0.011055,-0.10944,-0.10266,1,0.0022795
a,0.007519,-0.00724,-0.031288,-0.026565,-0.03363,-0.050776,0.00055807,0.0022795,1
