Cl_pop,16.445,-0.70825,0.12232,-0.49071,0.0014878,0.0064609,-0.034834,-0.0018597,0.0061352
beta_Cl_tSCRMGDL,-0.70825,0.033537,-0.0013378,0.010029,-3.4435e-5,-0.0003218,0.0010653,0.00019645,-0.00026678
V1_pop,0.12232,-0.0013378,8.0246,-3.8898,0.00095763,-0.072077,-0.43546,0.084532,-0.017834
V2_pop,-0.49071,0.010029,-3.8898,16.196,-0.0027296,-0.082655,0.8413,-0.10969,-0.021511
omega_Cl,0.0014878,-3.4435e-5,0.00095763,-0.0027296,0.0018406,-0.00016595,0.00037707,9.1961e-5,-0.00029031
omega_V1,0.0064609,-0.0003218,-0.072077,-0.082655,-0.00016595,0.016498,-0.019831,-0.0027254,-0.0013122
omega_Q,-0.034834,0.0010653,-0.43546,0.8413,0.00037707,-0.019831,0.1661,-0.0081117,4.5763e-5
omega_V2,-0.0018597,0.00019645,0.084532,-0.10969,9.1961e-5,-0.0027254,-0.0081117,0.037592,8.8927e-5
a,0.0061352,-0.00026678,-0.017834,-0.021511,-0.00029031,-0.0013122,4.5763e-5,8.8927e-5,0.040485
