Cl_pop,1,-0.94534,0.0083627,-0.028652,0.0073607,0.0066674,-0.0051865,-0.0018376,0.014183
beta_Cl_tSCRMGDL,-0.94534,1,-0.0062549,0.012771,0.12454,-0.010884,0.0066684,0.0054167,-0.0082137
V1_pop,0.0083627,-0.0062549,1,-0.23243,-0.015223,0.098591,-0.25631,0.11471,0.09162
V2_pop,-0.028652,0.012771,-0.23243,1,-0.0074396,-0.13186,0.38617,-0.1433,-0.14182
omega_Cl,0.0073607,0.12454,-0.015223,-0.0074396,1,-0.021235,0.024937,-0.0064124,-0.0090726
omega_V1,0.0066674,-0.010884,0.098591,-0.13186,-0.021235,1,-0.37763,-0.16722,0.044665
omega_Q,-0.0051865,0.0066684,-0.25631,0.38617,0.024937,-0.37763,1,-0.012151,-0.13269
omega_V2,-0.0018376,0.0054167,0.11471,-0.1433,-0.0064124,-0.16722,-0.012151,1,-0.012481
a,0.014183,-0.0082137,0.09162,-0.14182,-0.0090726,0.044665,-0.13269,-0.012481,1
