Cl_pop,16.434,-0.70697,0.081295,-0.4475,0.0012855,0.002597,-0.0070572,-0.0016848,0.011791
beta_Cl_tSCRMGDL,-0.70697,0.034032,-0.002767,0.009077,0.00098979,-0.00019292,0.00041291,0.00022599,-0.00031074
V1_pop,0.081295,-0.002767,5.7503,-2.1474,-0.0015726,0.022716,-0.2063,0.062208,0.045056
V2_pop,-0.4475,0.009077,-2.1474,14.844,-0.0012348,-0.048813,0.4994,-0.12486,-0.11205
omega_Cl,0.0012855,0.00098979,-0.0015726,-0.0012348,0.001856,-8.7899e-5,0.00036059,-6.2476e-5,-8.0156e-5
omega_V1,0.002597,-0.00019292,0.022716,-0.048813,-8.7899e-5,0.0092319,-0.012179,-0.0036337,0.0008801
omega_Q,-0.0070572,0.00041291,-0.2063,0.4994,0.00036059,-0.012179,0.11266,-0.00092242,-0.0091334
omega_V2,-0.0016848,0.00022599,0.062208,-0.12486,-6.2476e-5,-0.0036337,-0.00092242,0.051147,-0.00057887
a,0.011791,-0.00031074,0.045056,-0.11205,-8.0156e-5,0.0008801,-0.0091334,-0.00057887,0.042057
