Cl_pop,nan,nan,nan,nan,nan,nan,nan,nan,nan
beta_Cl_tSCRMGDL,nan,nan,nan,nan,nan,nan,nan,nan,nan
V1_pop,nan,nan,6.2751,-2.4907,0.00040505,0.04693,-0.29873,0.063882,0.033319
V2_pop,nan,nan,-2.4907,14.292,-0.002653,-0.048781,0.47618,-0.17634,-0.071226
omega_Cl,nan,nan,0.00040505,-0.002653,0.00024065,-1.5109e-5,3.0237e-6,2.5094e-5,-0.00023727
omega_V1,nan,nan,0.04693,-0.048781,-1.5109e-5,0.011142,-0.015977,-0.0054278,-0.0009376
omega_Q,nan,nan,-0.29873,0.47618,3.0237e-6,-0.015977,0.12182,0.0029858,-0.0047145
omega_V2,nan,nan,0.063882,-0.17634,2.5094e-5,-0.0054278,0.0029858,0.053981,0.0023977
a,nan,nan,0.033319,-0.071226,-0.00023727,-0.0009376,-0.0047145,0.0023977,0.043122
