Cl_pop,1,-0.95369,-0.021285,0.0035302,0.0028988,-0.023498,0.031087,-0.012946,0.0050304
beta_Cl_tSCRMGDL,-0.95369,1,0.031363,-0.023273,-0.0046632,0.02889,-0.043704,0.019155,0.0012779
V1_pop,-0.021285,0.031363,1,-0.441,0.002955,0.15193,-0.61413,0.26137,0.13887
V2_pop,0.0035302,-0.023273,-0.441,1,-0.011704,-0.30675,0.60724,-0.27588,-0.14334
omega_Cl,0.0028988,-0.0046632,0.002955,-0.011704,1,-0.0088496,0.0047959,-0.01001,-0.025287
omega_V1,-0.023498,0.02889,0.15193,-0.30675,-0.0088496,1,-0.48478,0.021108,0.044339
omega_Q,0.031087,-0.043704,-0.61413,0.60724,0.0047959,-0.48478,1,-0.26535,-0.1412
omega_V2,-0.012946,0.019155,0.26137,-0.27588,-0.01001,0.021108,-0.26535,1,0.030129
a,0.0050304,0.0012779,0.13887,-0.14334,-0.025287,0.044339,-0.1412,0.030129,1
