Cl_pop,16.46,-0.7092,-0.24675,0.067302,0.00050761,-0.0080587,0.054706,-0.011745,0.0040703
beta_Cl_tSCRMGDL,-0.7092,0.033598,0.016427,-0.020046,-3.6892e-5,0.00044763,-0.0034747,0.00078511,4.6716e-5
V1_pop,-0.24675,0.016427,8.1647,-5.9216,0.00036444,0.036698,-0.76115,0.167,0.079138
V2_pop,0.067302,-0.020046,-5.9216,22.082,-0.0023739,-0.12185,1.2377,-0.2899,-0.13434
omega_Cl,0.00050761,-3.6892e-5,0.00036444,-0.0023739,0.0018629,-3.2288e-5,8.9785e-5,-9.6609e-5,-0.00021767
omega_V1,-0.0080587,0.00044763,0.036698,-0.12185,-3.2288e-5,0.0071457,-0.017775,0.000399,0.00074751
omega_Q,0.054706,-0.0034747,-0.76115,1.2377,8.9785e-5,-0.017775,0.18814,-0.025737,-0.012214
omega_V2,-0.011745,0.00078511,0.167,-0.2899,-9.6609e-5,0.000399,-0.025737,0.050003,0.0013437
a,0.0040703,4.6716e-5,0.079138,-0.13434,-0.00021767,0.00074751,-0.012214,0.0013437,0.039776
