Cl_pop,1,-0.95369,-0.0011933,-0.014321,0.014022,-0.0089311,0.0052893,-0.0016577,-0.00066278
beta_Cl_tSCRMGDL,-0.95369,1,0.0037617,0.0005967,-0.0057732,0.0071367,-0.0083249,0.0092993,0.0012064
V1_pop,-0.0011933,0.0037617,1,-0.17268,-0.0018592,0.059377,-0.21646,0.11942,0.052898
V2_pop,-0.014321,0.0005967,-0.17268,1,-0.014171,-0.12399,0.40353,-0.15488,-0.14329
omega_Cl,0.014022,-0.0057732,-0.0018592,-0.014171,1,-0.022433,0.022851,-0.0023952,-0.022867
omega_V1,-0.0089311,0.0071367,0.059377,-0.12399,-0.022433,1,-0.31302,-0.068805,0.032044
omega_Q,0.0052893,-0.0083249,-0.21646,0.40353,0.022851,-0.31302,1,-0.15053,-0.21873
omega_V2,-0.0016577,0.0092993,0.11942,-0.15488,-0.0023952,-0.068805,-0.15053,1,0.037566
a,-0.00066278,0.0012064,0.052898,-0.14329,-0.022867,0.032044,-0.21873,0.037566,1
