Cl_pop,16.459,-0.70949,0.24784,-0.62761,0.0016626,0.00057031,-0.042849,0.011374,0.022651
beta_Cl_tSCRMGDL,-0.70949,0.033629,-0.0069776,0.012836,-4.3167e-5,-7.9175e-5,0.0012657,0.00014805,-0.00066714
V1_pop,0.24784,-0.0069776,6.6767,-3.5784,0.00023603,-0.014331,-0.34459,0.24575,0.083528
V2_pop,-0.62761,0.012836,-3.5784,16.684,-0.003161,0.020234,0.66414,-0.43648,-0.21441
omega_Cl,0.0016626,-4.3167e-5,0.00023603,-0.003161,0.0018528,-9.7814e-5,0.0002183,0.00013485,-0.0002013
omega_V1,0.00057031,-7.9175e-5,-0.014331,0.020234,-9.7814e-5,0.0055617,-0.002487,-0.0045828,-0.00062
omega_Q,-0.042849,0.0012657,-0.34459,0.66414,0.0002183,-0.002487,0.1338,-0.032639,-0.021449
omega_V2,0.011374,0.00014805,0.24575,-0.43648,0.00013485,-0.0045828,-0.032639,0.079413,0.0078826
a,0.022651,-0.00066714,0.083528,-0.21441,-0.0002013,-0.00062,-0.021449,0.0078826,0.048908
