Cl_pop,1,0.061917,-0.058318,-0.07512,0.018116,0.063828,-0.068681,0.034756,0.026388
V1_pop,0.061917,1,-0.97325,-0.92006,-0.045478,0.89288,-0.86883,0.615,0.11368
Q_pop,-0.058318,-0.97325,1,0.90237,0.044853,-0.87747,0.83958,-0.61942,-0.083234
V2_pop,-0.07512,-0.92006,0.90237,1,0.042865,-0.90265,0.91186,-0.56253,-0.19799
omega_Cl,0.018116,-0.045478,0.044853,0.042865,1,-0.059412,0.055453,-0.022808,-0.022528
omega_V1,0.063828,0.89288,-0.87747,-0.90265,-0.059412,1,-0.94007,0.46666,0.1981
omega_Q,-0.068681,-0.86883,0.83958,0.91186,0.055453,-0.94007,1,-0.46953,-0.26412
omega_V2,0.034756,0.615,-0.61942,-0.56253,-0.022808,0.46666,-0.46953,1,-0.0020101
a,0.026388,0.11368,-0.083234,-0.19799,-0.022528,0.1981,-0.26412,-0.0020101,1
