Cl_pop,0.87713,0.62633,-3.1544,-0.6711,0.00084688,0.017598,-0.074391,0.0081768,0.0056031
V1_pop,0.62633,116.66,-607.11,-94.792,-0.024518,2.8391,-10.853,1.6686,0.27838
Q_pop,-3.1544,-607.11,3335.5,497.12,0.1293,-14.919,56.078,-8.9865,-1.0899
V2_pop,-0.6711,-94.792,497.12,90.99,0.020409,-2.5348,10.06,-1.3479,-0.42819
omega_Cl,0.00084688,-0.024518,0.1293,0.020409,0.0024914,-0.00087302,0.0032011,-0.00028597,-0.00025494
omega_V1,0.017598,2.8391,-14.919,-2.5348,-0.00087302,0.086668,-0.32007,0.03451,0.013222
omega_Q,-0.074391,-10.853,56.078,10.06,0.0032011,-0.32007,1.3375,-0.13641,-0.069255
omega_V2,0.0081768,1.6686,-8.9865,-1.3479,-0.00028597,0.03451,-0.13641,0.063101,-0.00011448
a,0.0056031,0.27838,-1.0899,-0.42819,-0.00025494,0.013222,-0.069255,-0.00011448,0.051404
