Cl_pop,1,-0.95385,-0.0034604,-0.024799,0.0031668,-0.0038379,-0.0026976,-0.0037788,0.015905
beta_Cl_tSCRMGDL,-0.95385,1,-0.00042611,0.013231,-0.00078354,-0.00013848,0.0056849,0.0065702,-0.011996
V1_pop,-0.0034604,-0.00042611,1,-0.032142,-0.0024923,0.89835,-0.092438,-0.068579,0.011592
V2_pop,-0.024799,0.013231,-0.032142,1,-0.012425,-0.022945,0.27891,-0.066744,-0.17937
omega_Cl,0.0031668,-0.00078354,-0.0024923,-0.012425,1,-0.0037319,0.019016,-0.00057625,-0.015426
omega_V1,-0.0038379,-0.00013848,0.89835,-0.022945,-0.0037319,1,-0.12602,-0.12197,-0.013303
omega_Q,-0.0026976,0.0056849,-0.092438,0.27891,0.019016,-0.12602,1,-0.10079,-0.12102
omega_V2,-0.0037788,0.0065702,-0.068579,-0.066744,-0.00057625,-0.12197,-0.10079,1,0.033191
a,0.015905,-0.011996,0.011592,-0.17937,-0.015426,-0.013303,-0.12102,0.033191,1
