Cl_pop,1,-0.95375,0.0092338,-0.024798,0.010819,-0.006742,-0.014969,-0.0066614,0.016426
beta_Cl_tSCRMGDL,-0.95375,1,-0.0059723,0.011062,-0.010037,0.0051152,0.0090184,0.0099104,-0.0099926
V1_pop,0.0092338,-0.0059723,1,-0.12135,0.0094219,-0.1599,-0.064882,0.14509,0.029362
V2_pop,-0.024798,0.011062,-0.12135,1,-0.020725,-0.0054604,0.3118,-0.084476,-0.097459
omega_Cl,0.010819,-0.010037,0.0094219,-0.020725,1,-0.026776,0.013475,0.00012524,-0.020701
omega_V1,-0.006742,0.0051152,-0.1599,-0.0054604,-0.026776,1,-0.10435,-0.089741,-0.02492
omega_Q,-0.014969,0.0090184,-0.064882,0.3118,0.013475,-0.10435,1,-0.13796,-0.059359
omega_V2,-0.0066614,0.0099104,0.14509,-0.084476,0.00012524,-0.089741,-0.13796,1,-0.051534
a,0.016426,-0.0099926,0.029362,-0.097459,-0.020701,-0.02492,-0.059359,-0.051534,1
