Cl_pop,1,-0.95377,-0.0038041,-0.02371,0.0031576,-0.0028172,-0.0060092,-0.01677,0.0099996
beta_Cl_tSCRMGDL,-0.95377,1,0.00070028,0.011506,-0.00088072,-0.0001492,0.0051781,0.020108,-0.0082428
V1_pop,-0.0038041,0.00070028,1,-0.059936,-0.0065348,0.85604,-0.10037,-0.026916,0.020343
V2_pop,-0.02371,0.011506,-0.059936,1,-0.018428,-0.060007,0.34453,-0.019455,-0.15195
omega_Cl,0.0031576,-0.00088072,-0.0065348,-0.018428,1,-0.010536,0.015636,0.0028525,-0.024834
omega_V1,-0.0028172,-0.0001492,0.85604,-0.060007,-0.010536,1,-0.15217,-0.083816,-0.02651
omega_Q,-0.0060092,0.0051781,-0.10037,0.34453,0.015636,-0.15217,1,-0.11476,-0.089088
omega_V2,-0.01677,0.020108,-0.026916,-0.019455,0.0028525,-0.083816,-0.11476,1,0.028674
a,0.0099996,-0.0082428,0.020343,-0.15195,-0.024834,-0.02651,-0.089088,0.028674,1
