Cl_pop,16.455,-0.70868,-0.08405,-0.36382,0.00055426,-0.00099426,-0.0086275,-0.014581,0.0083011
beta_Cl_tSCRMGDL,-0.70868,0.033551,0.00069865,0.0079726,-6.9806e-6,-2.3776e-6,0.00033569,0.00078948,-0.00030898
V1_pop,-0.08405,0.00069865,29.667,-1.2349,-0.0015402,0.40565,-0.19349,-0.031424,0.022675
V2_pop,-0.36382,0.0079726,-1.2349,14.31,-0.0030165,-0.019749,0.46127,-0.015775,-0.11763
omega_Cl,0.00055426,-6.9806e-6,-0.0015402,-0.0030165,0.0018724,-3.9666e-5,0.00023948,2.6457e-5,-0.00021992
omega_V1,-0.00099426,-2.3776e-6,0.40565,-0.019749,-3.9666e-5,0.0075693,-0.0046858,-0.001563,-0.000472
omega_Q,-0.0086275,0.00033569,-0.19349,0.46127,0.00023948,-0.0046858,0.12527,-0.0087063,-0.0064527
omega_V2,-0.014581,0.00078948,-0.031424,-0.015775,2.6457e-5,-0.001563,-0.0087063,0.045943,0.0012578
a,0.0083011,-0.00030898,0.022675,-0.11763,-0.00021992,-0.000472,-0.0064527,0.0012578,0.041879
