Cl_pop,nan,nan,nan,nan,nan,nan,nan,nan,nan
beta_Cl_tSCRMGDL,nan,0.096937,0.016083,0.009308,-0.036638,0.0010702,-0.0089019,0.00095493,0.0078814
V1_pop,nan,0.016083,5.1736,-1.6101,-0.005709,0.010705,-0.17045,0.080057,0.018258
V2_pop,nan,0.009308,-1.6101,14.136,-0.0069472,-0.015432,0.47127,-0.20312,-0.079437
omega_Cl,nan,-0.036638,-0.005709,-0.0069472,0.014293,-0.00042317,0.003372,-0.00027364,-0.003208
omega_V1,nan,0.0010702,0.010705,-0.015432,-0.00042317,0.006041,-0.0061668,-0.0014396,-0.00063741
omega_Q,nan,-0.0089019,-0.17045,0.47127,0.003372,-0.0061668,0.11999,-0.0090101,-0.0081898
omega_V2,nan,0.00095493,0.080057,-0.20312,-0.00027364,-0.0014396,-0.0090101,0.051217,0.0018688
a,nan,0.0078814,0.018258,-0.079437,-0.003208,-0.00063741,-0.0081898,0.0018688,0.04585
