Cl_pop,1,-0.95362,0.0035512,-0.019276,0.030706,-0.0030766,-0.0015447,-0.0026457,0.0078753
beta_Cl_tSCRMGDL,-0.95362,1,-0.0011306,0.0034397,-0.014356,0.00096052,-0.00407,0.0088541,-0.0033742
V1_pop,0.0035512,-0.0011306,1,-0.18737,0.001597,-0.1328,-0.17217,0.22503,0.065443
V2_pop,-0.019276,0.0034397,-0.18737,1,-0.01372,-0.007679,0.45521,-0.24591,-0.16676
omega_Cl,0.030706,-0.014356,0.001597,-0.01372,1,-0.0080155,0.013243,0.0038481,-0.02385
omega_V1,-0.0030766,0.00096052,-0.1328,-0.007679,-0.0080155,1,-0.11567,-0.099675,-0.079633
omega_Q,-0.0015447,-0.00407,-0.17217,0.45521,0.013243,-0.11567,1,-0.27684,-0.13561
omega_V2,-0.0026457,0.0088541,0.22503,-0.24591,0.0038481,-0.099675,-0.27684,1,0.053142
a,0.0078753,-0.0033742,0.065443,-0.16676,-0.02385,-0.079633,-0.13561,0.053142,1
