Cl_pop,16.66,-0.71274,0.033467,-0.31523,0.0054345,-0.00086677,-0.0024689,-0.0026978,0.0067818
beta_Cl_tSCRMGDL,-0.71274,0.03353,-0.00047799,0.0025236,-0.00011399,1.214e-5,-0.00029182,0.00040503,-0.00013036
V1_pop,0.033467,-0.00047799,5.3312,-1.7334,0.00015988,-0.021164,-0.15566,0.1298,0.03188
V2_pop,-0.31523,0.0025236,-1.7334,16.053,-0.0023835,-0.0021236,0.71417,-0.24614,-0.14097
omega_Cl,0.0054345,-0.00011399,0.00015988,-0.0023835,0.0018801,-2.3989e-5,0.00022484,4.1683e-5,-0.00021818
omega_V1,-0.00086677,1.214e-5,-0.021164,-0.0021236,-2.3989e-5,0.0047642,-0.0031263,-0.0017187,-0.0011596
omega_Q,-0.0024689,-0.00029182,-0.15566,0.71417,0.00022484,-0.0031263,0.15333,-0.027081,-0.011203
omega_V2,-0.0026978,0.00040503,0.1298,-0.24614,4.1683e-5,-0.0017187,-0.027081,0.06241,0.0028009
a,0.0067818,-0.00013036,0.03188,-0.14097,-0.00021818,-0.0011596,-0.011203,0.0028009,0.044512
