Cl_pop,16.463,-0.70889,0.16222,-0.46822,-0.00011875,-0.0016616,-0.022162,0.0063549,0.0097428
beta_Cl_tSCRMGDL,-0.70889,0.03871,-0.004036,0.0054073,0.003613,-3.4546e-5,0.00092228,3.8985e-6,-2.0454e-5
V1_pop,0.16222,-0.004036,6.1483,-2.5542,0.00043615,0.0226,-0.25777,0.10095,0.019377
V2_pop,-0.46822,0.0054073,-2.5542,14.397,-0.0035578,-0.027236,0.51814,-0.12826,-0.12441
omega_Cl,-0.00011875,0.003613,0.00043615,-0.0035578,0.0025284,-3.1382e-5,0.00011192,-6.4802e-6,-4.9335e-5
omega_V1,-0.0016616,-3.4546e-5,0.0226,-0.027236,-3.1382e-5,0.0064038,-0.0076946,-0.002454,-0.00045243
omega_Q,-0.022162,0.00092228,-0.25777,0.51814,0.00011192,-0.0076946,0.1227,-0.005246,-0.0093095
omega_V2,0.0063549,3.8985e-6,0.10095,-0.12826,-6.4802e-6,-0.002454,-0.005246,0.054513,0.00037753
a,0.0097428,-2.0454e-5,0.019377,-0.12441,-4.9335e-5,-0.00045243,-0.0093095,0.00037753,0.041306
