Cl_pop,nan,nan,nan,nan,nan,nan,nan,nan,nan
beta_Cl_tSCRMGDL,nan,1,-0.014488,-0.0012506,0.96626,-0.028713,0.041383,0.0014386,-0.033738
V1_pop,nan,-0.014488,1,-0.29786,-0.020338,0.1271,-0.35888,0.20304,0.097553
V2_pop,nan,-0.0012506,-0.29786,1,0.013361,-0.20327,0.54987,-0.16012,-0.20986
omega_Cl,nan,0.96626,-0.020338,0.013361,1,-0.03144,0.050112,-0.004295,-0.050573
omega_V1,nan,-0.028713,0.1271,-0.20327,-0.03144,1,-0.36663,-0.06556,0.037299
omega_Q,nan,0.041383,-0.35888,0.54987,0.050112,-0.36663,1,-0.22981,-0.16936
omega_V2,nan,0.0014386,0.20304,-0.16012,-0.004295,-0.06556,-0.22981,1,0.056155
a,nan,-0.033738,0.097553,-0.20986,-0.050573,0.037299,-0.16936,0.056155,1
