Cl_pop,1,-0.95378,-0.039856,0.032363,0.014604,-0.04874,0.052088,-0.034511,0.0062756
beta_Cl_tSCRMGDL,-0.95378,1,0.056357,-0.058723,-0.010909,0.064835,-0.075506,0.048265,0.0023304
V1_pop,-0.039856,0.056357,1,-0.5468,-0.071452,0.4937,-0.62721,0.40747,0.12493
V2_pop,0.032363,-0.058723,-0.5468,1,0.091906,-0.67293,0.84988,-0.30345,-0.20601
omega_Cl,0.014604,-0.010909,-0.071452,0.091906,1,-0.097479,0.11652,-0.059808,-0.042022
omega_V1,-0.04874,0.064835,0.4937,-0.67293,-0.097479,1,-0.7673,0.306,0.093658
omega_Q,0.052088,-0.075506,-0.62721,0.84988,0.11652,-0.7673,1,-0.55203,-0.18978
omega_V2,-0.034511,0.048265,0.40747,-0.30345,-0.059808,0.306,-0.55203,1,0.080225
a,0.0062756,0.0023304,0.12493,-0.20601,-0.042022,0.093658,-0.18978,0.080225,1
