Cl_pop,0.84523,0.10452,-0.40823,-0.16017,0.00034119,-0.0031785,0.0068178,0.012676,-0.00025167,0.00033773
V1_pop,0.10452,7.5518,-27.405,-5.1718,-0.0015905,-0.077115,0.12226,0.60483,-0.15513,0.017851
Q_pop,-0.40823,-27.405,240.5,18.946,0.0044769,0.4053,-1.7081,-2.6204,0.65675,-0.067592
V2_pop,-0.16017,-5.1718,18.946,19.874,0.00029916,0.061159,0.24342,-0.68793,0.095973,-0.017701
omega_Cl,0.00034119,-0.0015905,0.0044769,0.00029916,0.0024143,0.00012669,0.00018106,-0.00043075,0.0002947,-4.2397e-5
omega_V1,-0.0031785,-0.077115,0.4053,0.061159,0.00012669,0.01034,-0.018713,-0.01258,0.0028766,-0.00071514
omega_Q,0.0068178,0.12226,-1.7081,0.24342,0.00018106,-0.018713,0.21326,0.0060953,-0.0016957,0.00077386
omega_V2,0.012676,0.60483,-2.6204,-0.68793,-0.00043075,-0.01258,0.0060953,0.13904,-0.021375,0.0026965
a,-0.00025167,-0.15513,0.65675,0.095973,0.0002947,0.0028766,-0.0016957,-0.021375,0.064934,-0.0025723
b,0.00033773,0.017851,-0.067592,-0.017701,-4.2397e-5,-0.00071514,0.00077386,0.0026965,-0.0025723,0.00032654
