Cl_pop,1,-0.95342,0.014673,-0.038368,0.010225,-0.018281,-0.023558,0.0061385,0.023556
beta_Cl_tSCRMGDL,-0.95342,1,-0.0059896,0.015312,-0.010819,0.0058401,0.0092236,0.0038942,-0.0088378
V1_pop,0.014673,-0.0059896,1,-0.23558,0.0018901,-0.39053,-0.16338,0.25591,0.13144
V2_pop,-0.038368,0.015312,-0.23558,1,-0.017815,0.2366,0.51076,-0.26867,-0.24587
omega_Cl,0.010225,-0.010819,0.0018901,-0.017815,1,-0.013664,0.0061719,-0.0072303,0.0027269
omega_V1,-0.018281,0.0058401,-0.39053,0.2366,-0.013664,1,0.10756,-0.245,-0.19343
omega_Q,-0.023558,0.0092236,-0.16338,0.51076,0.0061719,0.10756,1,-0.26466,-0.1774
omega_V2,0.0061385,0.0038942,0.25591,-0.26867,-0.0072303,-0.245,-0.26466,1,0.10107
a,0.023556,-0.0088378,0.13144,-0.24587,0.0027269,-0.19343,-0.1774,0.10107,1
