Cl_pop,16.428,-0.70655,0.1447,-0.65888,0.0017868,-0.0064555,-0.040105,0.0054754,0.021225
beta_Cl_tSCRMGDL,-0.70655,0.03343,-0.0026645,0.011861,-8.5288e-5,9.3032e-5,0.00070833,0.00015669,-0.00035923
V1_pop,0.1447,-0.0026645,5.9198,-2.4285,0.00019828,-0.082785,-0.16697,0.13703,0.071098
V2_pop,-0.65888,0.011861,-2.4285,17.951,-0.0032544,0.087338,0.90892,-0.2505,-0.23158
omega_Cl,0.0017868,-8.5288e-5,0.00019828,-0.0032544,0.0018589,-5.1326e-5,0.00011177,-6.8603e-5,2.6138e-5
omega_V1,-0.0064555,9.3032e-5,-0.082785,0.087338,-5.1326e-5,0.0075908,0.0039361,-0.0046974,-0.0037464
omega_Q,-0.040105,0.00070833,-0.16697,0.90892,0.00011177,0.0039361,0.17642,-0.024463,-0.016565
omega_V2,0.0054754,0.00015669,0.13703,-0.2505,-6.8603e-5,-0.0046974,-0.024463,0.04843,0.0049446
a,0.021225,-0.00035923,0.071098,-0.23158,2.6138e-5,-0.0037464,-0.016565,0.0049446,0.049422
