Cl_pop,16.701,-0.7168,1.0567,-2.8647,0.00042345,0.06608,-0.49875,0.033882,-0.076827
beta_Cl_tSCRMGDL,-0.7168,0.033868,-0.023452,0.061314,1.3028e-5,-0.001457,0.011166,-0.00065419,0.0017214
V1_pop,1.0567,-0.023452,18.827,-35.965,0.00053676,0.95718,-6.8993,0.43521,-1.0884
V2_pop,-2.8647,0.061314,-35.965,102.48,-0.0047118,-2.5133,17.916,-1.0054,2.8888
omega_Cl,0.00042345,1.3028e-5,0.00053676,-0.0047118,0.0019658,-7.5311e-5,-5.5339e-5,6.7864e-5,-0.00064352
omega_V1,0.06608,-0.001457,0.95718,-2.5133,-7.5311e-5,0.077282,-0.49858,0.022379,-0.084067
omega_Q,-0.49875,0.011166,-6.8993,17.916,-5.5339e-5,-0.49858,3.5817,-0.18718,0.57937
omega_V2,0.033882,-0.00065419,0.43521,-1.0054,6.7864e-5,0.022379,-0.18718,0.070252,-0.028636
a,-0.076827,0.0017214,-1.0884,2.8888,-0.00064352,-0.084067,0.57937,-0.028636,0.18841
