Cl_pop,16.456,-0.70816,0.12811,-0.54635,-0.0015614,-0.00092611,-0.04264,0.025401,0.017616
beta_Cl_tSCRMGDL,-0.70816,0.033516,-0.0022733,0.0062534,7.1889e-6,-5.6415e-7,0.00084918,-4.4675e-5,-0.00040296
V1_pop,0.12811,-0.0022733,5.1151,-3.4203,0.0015245,-0.027055,-0.25975,0.2387,0.046464
V2_pop,-0.54635,0.0062534,-3.4203,19.405,-0.0061699,0.016675,1.2758,-1.2828,-0.16975
omega_Cl,-0.0015614,7.1889e-6,0.0015245,-0.0061699,0.0018184,-2.1826e-5,-0.00018659,0.0003425,-8.4732e-5
omega_V1,-0.00092611,-5.6415e-7,-0.027055,0.016675,-2.1826e-5,0.0042591,-0.0013531,-0.0019167,-0.00023759
omega_Q,-0.04264,0.00084918,-0.25975,1.2758,-0.00018659,-0.0013531,0.2654,-0.082936,-0.019859
omega_V2,0.025401,-4.4675e-5,0.2387,-1.2828,0.0003425,-0.0019167,-0.082936,0.11419,0.0077516
a,0.017616,-0.00040296,0.046464,-0.16975,-8.4732e-5,-0.00023759,-0.019859,0.0077516,0.04122
