Cl_pop,16.469,-0.71204,0.10687,-0.31782,0.0037406,0.0012774,-0.0086691,-0.0040731,0.0013904
beta_Cl_tSCRMGDL,-0.71204,0.034687,-0.0014278,0.0058483,-0.0014897,4.4004e-5,-0.00020658,0.00034008,7.8638e-5
V1_pop,0.10687,-0.0014278,6.4181,-2.6185,-0.0025278,0.056124,-0.36354,0.059388,0.047689
V2_pop,-0.31782,0.0058483,-2.6185,13.106,0.0004579,-0.054119,0.49256,-0.083475,-0.074923
omega_Cl,0.0037406,-0.0014897,-0.0025278,0.0004579,0.002021,-0.00016845,0.00070018,1.7627e-5,-0.00018158
omega_V1,0.0012774,4.4004e-5,0.056124,-0.054119,-0.00016845,0.0085955,-0.013778,-0.0025602,0.00026677
omega_Q,-0.0086691,-0.00020658,-0.36354,0.49256,0.00070018,-0.013778,0.13403,-0.0019556,-0.010223
omega_V2,-0.0040731,0.00034008,0.059388,-0.083475,1.7627e-5,-0.0025602,-0.0019556,0.04494,0.0009323
a,0.0013904,7.8638e-5,0.047689,-0.074923,-0.00018158,0.00026677,-0.010223,0.0009323,0.038341
