Cl_pop,1,-0.91851,0.0070647,-0.027635,0.0010525,0.003159,-0.016055,0.0016825,0.016554
beta_Cl_tSCRMGDL,-0.91851,1,-0.0022608,0.0071375,0.26815,-0.0058863,0.0088012,0.0013628,-0.0054779
V1_pop,0.0070647,-0.0022608,1,-0.25626,-0.0017511,-0.0274,-0.26543,0.14309,0.064228
V2_pop,-0.027635,0.0071375,-0.25626,1,-0.014182,-0.11718,0.53595,-0.15573,-0.15008
omega_Cl,0.0010525,0.26815,-0.0017511,-0.014182,1,-0.0081716,0.0023037,-0.004787,-0.0083971
omega_V1,0.003159,-0.0058863,-0.0274,-0.11718,-0.0081716,1,-0.24747,-0.072342,-0.042004
omega_Q,-0.016055,0.0088012,-0.26543,0.53595,0.0023037,-0.24747,1,-0.1769,-0.085598
omega_V2,0.0016825,0.0013628,0.14309,-0.15573,-0.004787,-0.072342,-0.1769,1,-0.0012854
a,0.016554,-0.0054779,0.064228,-0.15008,-0.0083971,-0.042004,-0.085598,-0.0012854,1
