Cl_pop,16.441,-0.70799,0.12738,-0.53865,0.0017748,0.00054073,-0.043076,0.0029836,0.010822
beta_Cl_tSCRMGDL,-0.70799,0.033522,-0.0041907,0.013643,-9.5096e-5,-5.7035e-5,0.0014893,9.4748e-5,-0.00025163
V1_pop,0.12738,-0.0041907,5.3794,-1.79,0.00044999,0.0036586,-0.13751,0.092187,0.015435
V2_pop,-0.53865,0.013643,-1.79,16.743,-0.0029355,-0.017943,1.1538,-0.18631,-0.14713
omega_Cl,0.0017748,-9.5096e-5,0.00044999,-0.0029355,0.0018033,-2.6619e-5,0.00021726,2.747e-5,-6.4105e-6
omega_V1,0.00054073,-5.7035e-5,0.0036586,-0.017943,-2.6619e-5,0.0070334,-0.005172,-0.002135,8.0681e-5
omega_Q,-0.043076,0.0014893,-0.13751,1.1538,0.00021726,-0.005172,0.26209,-0.029063,-0.016988
omega_V2,0.0029836,9.4748e-5,0.092187,-0.18631,2.747e-5,-0.002135,-0.029063,0.049696,9.9375e-5
a,0.010822,-0.00025163,0.015435,-0.14713,-6.4105e-6,8.0681e-5,-0.016988,9.9375e-5,0.041439
