Cl_pop,16.424,-0.70727,0.18576,-0.4755,0.0013506,-0.0022189,-0.023825,0.0046598,0.017237
beta_Cl_tSCRMGDL,-0.70727,0.033481,-0.0061839,0.011624,-5.0491e-5,3.4118e-5,0.00085742,8.3271e-6,-0.00055275
V1_pop,0.18576,-0.0061839,6.355,-2.2045,-0.0011467,-0.076628,-0.28114,0.1477,0.10764
V2_pop,-0.4755,0.011624,-2.2045,15.405,7.1465e-5,0.029896,0.46239,-0.23071,-0.18274
omega_Cl,0.0013506,-5.0491e-5,-0.0011467,7.1465e-5,0.0018513,-2.5992e-5,0.00036075,-0.00023862,-0.00031119
omega_V1,-0.0022189,3.4118e-5,-0.076628,0.029896,-2.5992e-5,0.0050954,0.0025538,-0.0031444,-0.0014985
omega_Q,-0.023825,0.00085742,-0.28114,0.46239,0.00036075,0.0025538,0.096138,-0.023967,-0.014271
omega_V2,0.0046598,8.3271e-6,0.1477,-0.23071,-0.00023862,-0.0031444,-0.023967,0.058894,0.0050259
a,0.017237,-0.00055275,0.10764,-0.18274,-0.00031119,-0.0014985,-0.014271,0.0050259,0.047162
