Cl_pop,1,-0.95378,0.0070778,-0.026323,0.019557,-0.0073833,-0.012069,0.0011576,0.0063471
beta_Cl_tSCRMGDL,-0.95378,1,-0.0031261,0.010317,-0.015101,0.004638,0.0062913,0.0064146,-0.00013901
V1_pop,0.0070778,-0.0031261,1,-0.19657,0.0021764,-0.032687,-0.21938,0.18802,0.084845
V2_pop,-0.026323,0.010317,-0.19657,1,-0.01587,-0.0063847,0.39617,-0.23353,-0.18065
omega_Cl,0.019557,-0.015101,0.0021764,-0.01587,1,-0.010609,0.018447,0.0028379,-0.016993
omega_V1,-0.0073833,0.004638,-0.032687,-0.0063847,-0.010609,1,-0.15031,-0.097754,-0.059431
omega_Q,-0.012069,0.0062913,-0.21938,0.39617,0.018447,-0.15031,1,-0.21276,-0.18553
omega_V2,0.0011576,0.0064146,0.18802,-0.23353,0.0028379,-0.097754,-0.21276,1,0.061948
a,0.0063471,-0.00013901,0.084845,-0.18065,-0.016993,-0.059431,-0.18553,0.061948,1
