Cl_pop,16.573,-0.71152,0.49008,-1.4086,9.3135e-5,0.01296,-0.12668,0.037959,0.04302
beta_Cl_tSCRMGDL,-0.71152,0.033581,-0.016815,0.042988,3.0605e-5,-0.00051393,0.0045686,-0.00093803,-0.0013324
V1_pop,0.49008,-0.016815,7.1078,-6.1306,-0.0026587,0.081493,-0.67388,0.25989,0.13902
V2_pop,-1.4086,0.042988,-6.1306,24.66,0.0020414,-0.16033,1.6165,-0.71001,-0.42224
omega_Cl,9.3135e-5,3.0605e-5,-0.0026587,0.0020414,0.0018832,-0.000135,0.00088599,-0.00011582,-0.00026075
omega_V1,0.01296,-0.00051393,0.081493,-0.16033,-0.000135,0.0082452,-0.02282,0.0029417,0.002439
omega_Q,-0.12668,0.0045686,-0.67388,1.6165,0.00088599,-0.02282,0.22765,-0.057769,-0.037157
omega_V2,0.037959,-0.00093803,0.25989,-0.71001,-0.00011582,0.0029417,-0.057769,0.090576,0.017499
a,0.04302,-0.0013324,0.13902,-0.42224,-0.00026075,0.002439,-0.037157,0.017499,0.050274
