Cl_pop,1,-0.95457,0.012448,0.0025815,0,0,0,0,0
beta_Cl_tSCRMGDL,-0.95457,1,-0.007707,-0.0025871,0,0,0,0,0
V1_pop,0.012448,-0.007707,1,-0.13743,0,0,0,0,0
V2_pop,0.0025815,-0.0025871,-0.13743,1,0,0,0,0,0
omega_Cl,0,0,0,0,1,0.00097075,0.0019711,0.00031802,-0.026681
omega_V1,0,0,0,0,0.00097075,1,-0.11403,-0.027461,-0.04438
omega_Q,0,0,0,0,0.0019711,-0.11403,1,-0.032273,-0.083659
omega_V2,0,0,0,0,0.00031802,-0.027461,-0.032273,1,-0.086
a,0,0,0,0,-0.026681,-0.04438,-0.083659,-0.086,1
