Cl_pop,16.399,-0.70779,0.10801,0.031733,0,0,0,0,0
beta_Cl_tSCRMGDL,-0.70779,0.033526,-0.0030237,-0.001438,0,0,0,0,0
V1_pop,0.10801,-0.0030237,4.5914,-0.89392,0,0,0,0,0
V2_pop,0.031733,-0.001438,-0.89392,9.2145,0,0,0,0,0
omega_Cl,0,0,0,0,0.0018278,2.9412e-6,2.1052e-5,2.5785e-6,-0.00024951
omega_V1,0,0,0,0,2.9412e-6,0.0050221,-0.0020189,-0.00036905,-0.00068793
omega_Q,0,0,0,0,2.1052e-5,-0.0020189,0.062412,-0.001529,-0.0045715
omega_V2,0,0,0,0,2.5785e-6,-0.00036905,-0.001529,0.035965,-0.0035674
a,0,0,0,0,-0.00024951,-0.00068793,-0.0045715,-0.0035674,0.047844
