Cl_pop,1,-0.95376,0.012215,-0.022146,0.016924,-0.016281,-0.0042403,0.0033915,0.013673
beta_Cl_tSCRMGDL,-0.95376,1,-0.0073643,0.0077816,-0.014805,0.011998,0.00085456,0.0017389,-0.0064697
V1_pop,0.012215,-0.0073643,1,-0.19609,0.0022075,-0.061636,-0.17163,0.16557,0.091127
V2_pop,-0.022146,0.0077816,-0.19609,1,-0.016013,-0.0056029,0.27881,-0.17847,-0.14446
omega_Cl,0.016924,-0.014805,0.0022075,-0.016013,1,-0.025581,0.014835,0.0028676,-0.021344
omega_V1,-0.016281,0.011998,-0.061636,-0.0056029,-0.025581,1,-0.18833,-0.13879,-0.10989
omega_Q,-0.0042403,0.00085456,-0.17163,0.27881,0.014835,-0.18833,1,-0.079487,-0.109
omega_V2,0.0033915,0.0017389,0.16557,-0.17847,0.0028676,-0.13879,-0.079487,1,0.057347
a,0.013673,-0.0064697,0.091127,-0.14446,-0.021344,-0.10989,-0.109,0.057347,1
