Cl_pop,1,-0.95382,0.0028767,-0.019453,0.017087,-0.020052,0.0050124,-0.0062211,0.009269
beta_Cl_tSCRMGDL,-0.95382,1,0.0010192,0.0063868,-0.014063,0.01296,-0.0085967,0.0091681,-0.004168
V1_pop,0.0028767,0.0010192,1,-0.10021,0.006964,-0.075792,-0.15284,0.13135,0.017048
V2_pop,-0.019453,0.0063868,-0.10021,1,-0.0086496,-0.0063327,0.41635,0.12643,-0.13115
omega_Cl,0.017087,-0.014063,0.006964,-0.0086496,1,-0.021355,0.012182,-0.0023442,-0.024621
omega_V1,-0.020052,0.01296,-0.075792,-0.0063327,-0.021355,1,-0.10521,-0.11808,-0.095718
omega_Q,0.0050124,-0.0085967,-0.15284,0.41635,0.012182,-0.10521,1,-0.088737,-0.13918
omega_V2,-0.0062211,0.0091681,0.13135,0.12643,-0.0023442,-0.11808,-0.088737,1,-0.0040443
a,0.009269,-0.004168,0.017048,-0.13115,-0.024621,-0.095718,-0.13918,-0.0040443,1
