Cl_pop,16.453,-0.70868,0.026366,-0.36289,0.0029663,-0.0071975,0.0068844,-0.0054587,0.0077448
beta_Cl_tSCRMGDL,-0.70868,0.033553,0.00042185,0.0053805,-0.00011025,0.00021008,-0.00053321,0.00036329,-0.00015727
V1_pop,0.026366,0.00042185,5.1058,-1.0414,0.0006735,-0.015155,-0.11694,0.064206,0.0079354
V2_pop,-0.36289,0.0053805,-1.0414,21.152,-0.0017026,-0.0025773,0.64838,0.12578,-0.12425
omega_Cl,0.0029663,-0.00011025,0.0006735,-0.0017026,0.0018318,-8.0883e-5,0.00017655,-2.1704e-5,-0.00021707
omega_V1,-0.0071975,0.00021008,-0.015155,-0.0025773,-8.0883e-5,0.0078307,-0.0031526,-0.0022604,-0.0017448
omega_Q,0.0068844,-0.00053321,-0.11694,0.64838,0.00017655,-0.0031526,0.11466,-0.0065,-0.0097081
omega_V2,-0.0054587,0.00036329,0.064206,0.12578,-2.1704e-5,-0.0022604,-0.0065,0.046797,-0.00018023
a,0.0077448,-0.00015727,0.0079354,-0.12425,-0.00021707,-0.0017448,-0.0097081,-0.00018023,0.042435
