Cl_pop,16.464,-0.70904,0.14299,-0.5365,0.00098016,0.00061252,-0.027963,0.0011276,0.015715
beta_Cl_tSCRMGDL,-0.70904,0.033562,-0.0036114,0.012617,-4.606e-5,-1.91e-5,0.00076085,0.00011792,-0.00039514
V1_pop,0.14299,-0.0036114,6.6482,-3.5464,-0.0012321,0.037587,-0.43468,0.10491,0.049498
V2_pop,-0.5365,0.012617,-3.5464,17.315,-0.00035214,-0.073995,0.83176,-0.18653,-0.13849
omega_Cl,0.00098016,-4.606e-5,-0.0012321,-0.00035214,0.0018615,-6.2144e-5,0.0003753,-9.5875e-5,-0.00022472
omega_V1,0.00061252,-1.91e-5,0.037587,-0.073995,-6.2144e-5,0.008176,-0.014455,-0.0024238,-0.0020008
omega_Q,-0.027963,0.00076085,-0.43468,0.83176,0.0003753,-0.014455,0.14923,-0.012185,-0.0055045
omega_V2,0.0011276,0.00011792,0.10491,-0.18653,-9.5875e-5,-0.0024238,-0.012185,0.056845,0.0034629
a,0.015715,-0.00039514,0.049498,-0.13849,-0.00022472,-0.0020008,-0.0055045,0.0034629,0.047066
