Cl_pop,1,-0.94804,0.0058178,-0.024073,0.010679,0.0045691,-0.0089098,-0.0023629,0.0073155
beta_Cl_tSCRMGDL,-0.94804,1,-0.0036739,0.0071439,0.097394,-0.0073794,0.0048262,0.0049757,-0.00064172
V1_pop,0.0058178,-0.0036739,1,-0.14562,-0.0029438,0.043562,-0.19068,0.073307,0.041371
V2_pop,-0.024073,0.0071439,-0.14562,1,-0.017633,-0.11725,0.35072,-0.0040436,-0.14755
omega_Cl,0.010679,0.097394,-0.0029438,-0.017633,1,-0.02676,0.016178,-0.00016987,-0.012938
omega_V1,0.0045691,-0.0073794,0.043562,-0.11725,-0.02676,1,-0.27948,-0.083991,-0.01555
omega_Q,-0.0089098,0.0048262,-0.19068,0.35072,0.016178,-0.27948,1,-0.030802,-0.12878
omega_V2,-0.0023629,0.0049757,0.073307,-0.0040436,-0.00016987,-0.083991,-0.030802,1,-0.014769
a,0.0073155,-0.00064172,0.041371,-0.14755,-0.012938,-0.01555,-0.12878,-0.014769,1
