Cl_pop,16.422,-0.7064,0.05196,-0.35576,0.0018675,0.0014664,-0.013301,-0.0019361,0.0062628
beta_Cl_tSCRMGDL,-0.7064,0.033807,-0.0014888,0.0047903,0.00077276,-0.00010746,0.0003269,0.00018498,-2.4927e-5
V1_pop,0.05196,-0.0014888,4.8573,-1.1704,-0.00027997,0.0076036,-0.15481,0.032666,0.019262
V2_pop,-0.35576,0.0047903,-1.1704,13.3,-0.0027749,-0.033865,0.47116,-0.0029816,-0.11367
omega_Cl,0.0018675,0.00077276,-0.00027997,-0.0027749,0.0018622,-9.1455e-5,0.00025718,-1.4821e-6,-0.00011794
omega_V1,0.0014664,-0.00010746,0.0076036,-0.033865,-9.1455e-5,0.0062724,-0.0081537,-0.001345,-0.00026018
omega_Q,-0.013301,0.0003269,-0.15481,0.47116,0.00025718,-0.0081537,0.1357,-0.0022942,-0.010022
omega_V2,-0.0019361,0.00018498,0.032666,-0.0029816,-1.4821e-6,-0.001345,-0.0022942,0.04088,-0.00063083
a,0.0062628,-2.4927e-5,0.019262,-0.11367,-0.00011794,-0.00026018,-0.010022,-0.00063083,0.044629
