Cl_pop,1,-0.95449,0.098176,0.13555,0.025591,-0.16566,0.16115,-0.034403,0.022415
beta_Cl_tSCRMGDL,-0.95449,1,-0.11168,-0.18143,-0.022351,0.20523,-0.20465,0.054255,-0.024661
V1_pop,0.098176,-0.11168,1,0.23954,0.033651,-0.68866,0.39929,0.22753,0.10266
V2_pop,0.13555,-0.18143,0.23954,1,0.033084,-0.77519,0.87565,-0.46891,0.033765
omega_Cl,0.025591,-0.022351,0.033651,0.033084,1,-0.047573,0.047983,0.0011869,-0.020537
omega_V1,-0.16566,0.20523,-0.68866,-0.77519,-0.047573,1,-0.89581,0.15127,-0.12651
omega_Q,0.16115,-0.20465,0.39929,0.87565,0.047983,-0.89581,1,-0.31947,0.072277
omega_V2,-0.034403,0.054255,0.22753,-0.46891,0.0011869,0.15127,-0.31947,1,0.018602
a,0.022415,-0.024661,0.10266,0.033765,-0.020537,-0.12651,0.072277,0.018602,1
