Cl_pop,16.938,-0.73673,1.7902,4.5043,0.0044329,-0.27053,0.54141,-0.038469,0.019597
beta_Cl_tSCRMGDL,-0.73673,0.035172,-0.092796,-0.27473,-0.00017643,0.015272,-0.03133,0.0027645,-0.00098247
V1_pop,1.7902,-0.092796,19.629,8.5692,0.006275,-1.2106,1.4441,0.27389,0.096618
V2_pop,4.5043,-0.27473,8.5692,65.192,0.011243,-2.4835,5.7715,-1.0286,0.057912
omega_Cl,0.0044329,-0.00017643,0.006275,0.011243,0.0017715,-0.00079448,0.0016486,1.3572e-5,-0.00018362
omega_V1,-0.27053,0.015272,-1.2106,-2.4835,-0.00079448,0.15744,-0.29016,0.016308,-0.010663
omega_Q,0.54141,-0.03133,1.4441,5.7715,0.0016486,-0.29016,0.66638,-0.070854,0.012533
omega_V2,-0.038469,0.0027645,0.27389,-1.0286,1.3572e-5,0.016308,-0.070854,0.073818,0.0010736
a,0.019597,-0.00098247,0.096618,0.057912,-0.00018362,-0.010663,0.012533,0.0010736,0.045124
