Cl_pop,27.434,-0.85075,-9.4522e-5,-0.36484,0.098208,0.0015251,0.009934,-0.021882,0.0092779
beta_Cl_tSCRMGDL,-0.85075,0.033559,-0.0012704,0.0012515,-4.0373e-5,-8.0189e-5,-0.00019342,0.00046909,3.2285e-6
V1_pop,-9.4522e-5,-0.0012704,4.5931,-0.45353,-0.00083269,-0.016478,0.0055093,0.063205,0.0080021
V2_pop,-0.36484,0.0012515,-0.45353,14.482,-0.0018106,-0.00070482,0.63541,-0.15946,-0.13218
omega_Cl,0.098208,-4.0373e-5,-0.00083269,-0.0018106,0.0025319,1.5707e-5,0.00031897,-0.00036764,-4.5428e-5
omega_V1,0.0015251,-8.0189e-5,-0.016478,-0.00070482,1.5707e-5,0.0045858,-0.002005,-0.00070799,-0.00074047
omega_Q,0.009934,-0.00019342,0.0055093,0.63541,0.00031897,-0.002005,0.15562,-0.028059,-0.0085711
omega_V2,-0.021882,0.00046909,0.063205,-0.15946,-0.00036764,-0.00070799,-0.028059,0.059575,0.0020794
a,0.0092779,3.2285e-6,0.0080021,-0.13218,-4.5428e-5,-0.00074047,-0.0085711,0.0020794,0.041616
