Cl_pop,0.84597,0.053702,-0.098663,-0.10587,0.00021673,-0.0010331,-0.00024811,0.0042157,0.0039664,-2.8476e-5
V1_pop,0.053702,6.4228,-23.217,-1.4665,0.0015996,0.0044094,0.088833,0.20087,-0.079583,0.0020879
Q_pop,-0.098663,-23.217,238.31,-0.64706,-0.0091415,-0.12407,-0.89539,-0.61534,0.42877,0.0043012
V2_pop,-0.10587,-1.4665,-0.64706,18.379,0.00044729,-0.081398,0.79733,-0.25372,-0.070183,0.0037669
omega_Cl,0.00021673,0.0015996,-0.0091415,0.00044729,0.0023914,-0.00011721,0.00075411,3.7513e-5,0.00023364,-2.5139e-5
omega_V1,-0.0010331,0.0044094,-0.12407,-0.081398,-0.00011721,0.010703,-0.022405,-0.0033675,4.1867e-5,-0.00041454
omega_Q,-0.00024811,0.088833,-0.89539,0.79733,0.00075411,-0.022405,0.21456,-0.0092775,-0.004555,0.0008074
omega_V2,0.0042157,0.20087,-0.61534,-0.25372,3.7513e-5,-0.0033675,-0.0092775,0.075474,-0.010342,0.0008636
a,0.0039664,-0.079583,0.42877,-0.070183,0.00023364,4.1867e-5,-0.004555,-0.010342,0.070534,-0.0022251
b,-2.8476e-5,0.0020879,0.0043012,0.0037669,-2.5139e-5,-0.00041454,0.0008074,0.0008636,-0.0022251,0.00027669
