Cl_pop,1,-0.95361,0.0014368,-0.014877,0.011693,0.00019489,0.00024787,-0.0010687,0.0060191
beta_Cl_tSCRMGDL,-0.95361,1,0.0068512,-0.0045434,-0.010024,0.0059794,-0.011407,0.0077822,-0.0008265
V1_pop,0.0014368,0.0068512,1,-0.35598,-0.034867,0.29094,-0.41595,0.1054,0.069872
V2_pop,-0.014877,-0.0045434,-0.35598,1,0.019858,-0.31582,0.55723,-0.32196,-0.12092
omega_Cl,0.011693,-0.010024,-0.034867,0.019858,1,-0.051242,0.065988,0.0074367,-0.031293
omega_V1,0.00019489,0.0059794,0.29094,-0.31582,-0.051242,1,-0.58668,-0.11255,0.054571
omega_Q,0.00024787,-0.011407,-0.41595,0.55723,0.065988,-0.58668,1,-0.059508,-0.11762
omega_V2,-0.0010687,0.0077822,0.1054,-0.32196,0.0074367,-0.11255,-0.059508,1,-0.016902
a,0.0060191,-0.0008265,0.069872,-0.12092,-0.031293,0.054571,-0.11762,-0.016902,1
