Cl_pop,16.427,-0.70758,0.014652,-0.23319,0.0020333,7.8691e-5,0.00055946,-0.001,0.0048018
beta_Cl_tSCRMGDL,-0.70758,0.033516,0.0031559,-0.0032169,-7.8741e-5,0.00010906,-0.0011629,0.00032895,-2.9783e-5
V1_pop,0.014652,0.0031559,6.3309,-3.464,-0.003764,0.072928,-0.58282,0.061228,0.034605
V2_pop,-0.23319,-0.0032169,-3.464,14.957,0.0032952,-0.12168,1.2001,-0.28749,-0.092049
omega_Cl,0.0020333,-7.8741e-5,-0.003764,0.0032952,0.0018409,-0.00021903,0.0015767,7.3669e-5,-0.00026427
omega_V1,7.8691e-5,0.00010906,0.072928,-0.12168,-0.00021903,0.0099249,-0.032548,-0.0025888,0.0010701
omega_Q,0.00055946,-0.0011629,-0.58282,1.2001,0.0015767,-0.032548,0.31011,-0.0076511,-0.012893
omega_V2,-0.001,0.00032895,0.061228,-0.28749,7.3669e-5,-0.0025888,-0.0076511,0.053307,-0.00076811
a,0.0048018,-2.9783e-5,0.034605,-0.092049,-0.00026427,0.0010701,-0.012893,-0.00076811,0.038743
