Cl_pop,1,-0.92587,-0.00031387,-0.013284,-0.0058235,-0.0016563,0.0059323,-0.0092272,0.012889
beta_Cl_tSCRMGDL,-0.92587,1,0.0035766,-0.0048156,0.24551,-0.0028778,-0.0066689,0.0088174,-0.0034307
V1_pop,-0.00031387,0.0035766,1,-0.17529,-0.010024,0.015187,-0.16161,0.12204,0.079135
V2_pop,-0.013284,-0.0048156,-0.17529,1,0.004916,-0.22077,0.59246,-0.16348,-0.20329
omega_Cl,-0.0058235,0.24551,-0.010024,0.004916,1,-0.030703,0.040084,-0.017996,-0.013496
omega_V1,-0.0016563,-0.0028778,0.015187,-0.22077,-0.030703,1,-0.38586,-0.015677,0.042176
omega_Q,0.0059323,-0.0066689,-0.16161,0.59246,0.040084,-0.38586,1,-0.14661,-0.17251
omega_V2,-0.0092272,0.0088174,0.12204,-0.16348,-0.017996,-0.015677,-0.14661,1,0.030456
a,0.012889,-0.0034307,0.079135,-0.20329,-0.013496,0.042176,-0.17251,0.030456,1
