Cl_pop,1,-0.95374,0.0026482,-0.023206,0.0010052,-0.0034227,-0.0088556,-0.0020727,0.010857
beta_Cl_tSCRMGDL,-0.95374,1,0.0027948,0.0060303,-0.0022628,0.0046529,-0.00063073,0.0073074,-0.0047064
V1_pop,0.0026482,0.0027948,1,-0.24238,-0.0090151,0.20348,-0.24792,0.089192,0.033087
V2_pop,-0.023206,0.0060303,-0.24238,1,-0.0079667,-0.23163,0.46573,-0.075793,-0.14027
omega_Cl,0.0010052,-0.0022628,-0.0090151,-0.0079667,1,-0.010867,0.013157,-0.0032757,-0.020817
omega_V1,-0.0034227,0.0046529,0.20348,-0.23163,-0.010867,1,-0.47521,-0.14095,0.037258
omega_Q,-0.0088556,-0.00063073,-0.24792,0.46573,0.013157,-0.47521,1,-0.046762,-0.13025
omega_V2,-0.0020727,0.0073074,0.089192,-0.075793,-0.0032757,-0.14095,-0.046762,1,-0.031332
a,0.010857,-0.0047064,0.033087,-0.14027,-0.020817,0.037258,-0.13025,-0.031332,1
