Cl_pop,16.582,-0.71347,0.044237,-0.40599,0.0012223,-0.00010534,-0.0065994,0.00084718,0.010911
beta_Cl_tSCRMGDL,-0.71347,0.033751,0.00083814,0.0068923,-1.9684e-5,1.0845e-5,-7.7537e-5,0.00018126,-0.00033706
V1_pop,0.044237,0.00083814,7.458,-4.2651,0.00025041,0.049039,-0.51184,0.11779,0.053864
V2_pop,-0.40599,0.0068923,-4.2651,17.713,-0.0022994,-0.077898,0.96071,-0.22253,-0.16718
omega_Cl,0.0012223,-1.9684e-5,0.00025041,-0.0022994,0.0018383,-9.4362e-5,0.00021841,1.3703e-5,-0.00017579
omega_V1,-0.00010534,1.0845e-5,0.049039,-0.077898,-9.4362e-5,0.0086463,-0.012061,-0.00064798,0.00031519
omega_Q,-0.0065994,-7.7537e-5,-0.51184,0.96071,0.00021841,-0.012061,0.17183,-0.024189,-0.015651
omega_V2,0.00084718,0.00018126,0.11779,-0.22253,1.3703e-5,-0.00064798,-0.024189,0.045356,0.0032526
a,0.010911,-0.00033706,0.053864,-0.16718,-0.00017579,0.00031519,-0.015651,0.0032526,0.041341
