Cl_pop,1,-0.95302,0.017793,-0.031705,-0.016365,-0.011422,-0.010425,0.024535,0.037285
beta_Cl_tSCRMGDL,-0.95302,1,0.0026466,-0.0064733,0.0048264,0.00021588,-0.0029807,0.010244,-0.012535
V1_pop,0.017793,0.0026466,1,-0.51165,0.0068523,-0.30891,-0.20731,0.49238,0.24923
V2_pop,-0.031705,-0.0064733,-0.51165,1,-0.01621,0.22806,0.41624,-0.94811,-0.41792
omega_Cl,-0.016365,0.0048264,0.0068523,-0.01621,1,-0.0073049,0.0072375,0.010048,-0.0061661
omega_V1,-0.011422,0.00021588,-0.30891,0.22806,-0.0073049,1,0.037775,-0.234,-0.13218
omega_Q,-0.010425,-0.0029807,-0.20731,0.41624,0.0072375,0.037775,1,-0.37304,-0.21191
omega_V2,0.024535,0.010244,0.49238,-0.94811,0.010048,-0.234,-0.37304,1,0.37139
a,0.037285,-0.012535,0.24923,-0.41792,-0.0061661,-0.13218,-0.21191,0.37139,1
