Cl_pop,0.85517,0.11389,-0.34645,-0.24479,0.00071722,0.0005072,-0.0097202,0.0077665,0.0060627
V1_pop,0.11389,15.651,-67.124,-6.9667,0.0015041,0.21103,-0.49513,0.27736,-0.059425
Q_pop,-0.34645,-67.124,444.43,24.063,-0.0044776,-1.1437,1.5711,-0.94077,0.67579
V2_pop,-0.24479,-6.9667,24.063,19.327,-0.0051404,-0.11425,0.88368,-0.39485,-0.15049
omega_Cl,0.00071722,0.0015041,-0.0044776,-0.0051404,0.0024505,-9.1188e-5,-6.3506e-5,2.0171e-5,6.3386e-5
omega_V1,0.0005072,0.21103,-1.1437,-0.11425,-9.1188e-5,0.010059,-0.012294,-0.00029412,-0.0021518
omega_Q,-0.0097202,-0.49513,1.5711,0.88368,-6.3506e-5,-0.012294,0.14903,-0.023902,-0.015519
omega_V2,0.0077665,0.27736,-0.94077,-0.39485,2.0171e-5,-0.00029412,-0.023902,0.070617,0.0054498
a,0.0060627,-0.059425,0.67579,-0.15049,6.3386e-5,-0.0021518,-0.015519,0.0054498,0.047261
