Cl_pop,0.87247,0.070274,-0.13076,-0.1972,0.0013836,-0.0011953,-0.00683,0.0060906,0.0022038
V1_pop,0.070274,9.7616,-22.291,-4.8482,0.0020906,-0.066537,-0.3186,0.3037,0.066505
Q_pop,-0.13076,-22.291,129.48,10.291,-0.0069964,0.19205,0.27078,-0.87943,-0.02264
V2_pop,-0.1972,-4.8482,10.291,16.513,-0.0046933,0.04911,0.69894,-0.42045,-0.17827
omega_Cl,0.0013836,0.0020906,-0.0069964,-0.0046933,0.0025232,-6.4333e-5,1.0879e-5,7.5308e-5,-0.00017077
omega_V1,-0.0011953,-0.066537,0.19205,0.04911,-6.4333e-5,0.0067008,0.0015539,-0.0041625,-0.00094542
omega_Q,-0.00683,-0.3186,0.27078,0.69894,1.0879e-5,0.0015539,0.11927,-0.024668,-0.017171
omega_V2,0.0060906,0.3037,-0.87943,-0.42045,7.5308e-5,-0.0041625,-0.024668,0.0653,0.0051606
a,0.0022038,0.066505,-0.02264,-0.17827,-0.00017077,-0.00094542,-0.017171,0.0051606,0.042739
