Cl_pop,16.977,-0.72827,3.7421,-8.6353,-0.0015876,0.1033,-1.4617,0.32249,0.07604
beta_Cl_tSCRMGDL,-0.72827,0.034297,-0.13874,0.31434,7.0833e-5,-0.0039116,0.054355,-0.011781,-0.0027574
V1_pop,3.7421,-0.13874,34.004,-66.299,-0.019273,0.784,-11.402,2.6664,0.53249
V2_pop,-8.6353,0.31434,-66.299,160.91,0.040616,-1.7892,26.068,-6.0224,-1.2349
omega_Cl,-0.0015876,7.0833e-5,-0.019273,0.040616,0.0018848,-0.00066589,0.0080545,-0.0016804,-0.00061721
omega_V1,0.1033,-0.0039116,0.784,-1.7892,-0.00066589,0.029483,-0.31845,0.067619,0.011967
omega_Q,-1.4617,0.054355,-11.402,26.068,0.0080545,-0.31845,4.5826,-1.0312,-0.20685
omega_V2,0.32249,-0.011781,2.6664,-6.0224,-0.0016804,0.067619,-1.0312,0.29151,0.046455
a,0.07604,-0.0027574,0.53249,-1.2349,-0.00061721,0.011967,-0.20685,0.046455,0.063956
