Cl_pop,1,-0.95332,0.0063251,-0.03242,0.0091629,0.004462,-0.022846,-0.0086314,0.022554
beta_Cl_tSCRMGDL,-0.95332,1,-0.003372,0.015895,0.024689,-0.0075944,0.016663,0.013454,-0.017876
V1_pop,0.0063251,-0.003372,1,-0.14824,-0.010078,-0.16975,-0.10598,0.23144,0.027298
V2_pop,-0.03242,0.015895,-0.14824,1,-0.01186,0.036073,0.38992,-0.14231,-0.16474
omega_Cl,0.0091629,0.024689,-0.010078,-0.01186,1,0.00042994,0.014518,-0.00427,-0.028695
omega_V1,0.004462,-0.0075944,-0.16975,0.036073,0.00042994,1,-0.053423,-0.20137,0.027264
omega_Q,-0.022846,0.016663,-0.10598,0.38992,0.014518,-0.053423,1,-0.15751,-0.21477
omega_V2,-0.0086314,0.013454,0.23144,-0.14231,-0.00427,-0.20137,-0.15751,1,-0.032359
a,0.022554,-0.017876,0.027298,-0.16474,-0.028695,0.027264,-0.21477,-0.032359,1
