Cl_pop,16.421,-0.70729,0.068902,-0.36819,0.0013033,0.00017294,-0.016192,-0.0017025,0.0036838
beta_Cl_tSCRMGDL,-0.70729,0.033492,-0.00097974,0.0092309,-6.253e-5,-0.00012387,0.00081974,0.00033587,-3.7644e-5
V1_pop,0.068902,-0.00097974,6.1239,-2.401,0.0010868,-0.091968,-0.2434,0.15245,0.046132
V2_pop,-0.36819,0.0092309,-2.401,15.934,-0.0013244,-0.047878,0.96861,-0.25187,-0.11501
omega_Cl,0.0013033,-6.253e-5,0.0010868,-0.0013244,0.0018125,-0.00010902,0.00053567,8.8584e-7,-0.00024122
omega_V1,0.00017294,-0.00012387,-0.091968,-0.047878,-0.00010902,0.0093962,-0.015944,-0.0022885,-0.0013012
omega_Q,-0.016192,0.00081974,-0.2434,0.96861,0.00053567,-0.015944,0.2298,-0.02543,-0.012458
omega_V2,-0.0017025,0.00033587,0.15245,-0.25187,8.8584e-7,-0.0022885,-0.02543,0.055618,0.0037893
a,0.0036838,-3.7644e-5,0.046132,-0.11501,-0.00024122,-0.0013012,-0.012458,0.0037893,0.039544
