Cl_pop,16.406,-0.70647,0.074372,-0.40202,0.0026457,-0.0028922,-0.01271,-0.0031751,0.0069848
beta_Cl_tSCRMGDL,-0.70647,0.033446,-0.0028086,0.0097789,-5.7831e-5,6.865e-5,0.00065794,0.00022107,-0.00019113
V1_pop,0.074372,-0.0028086,5.3811,-1.5535,0.00059354,0.0064749,-0.17269,0.052228,0.02038
V2_pop,-0.40202,0.0097789,-1.5535,13.454,-0.0029251,-0.016301,0.42084,-0.12367,-0.10252
omega_Cl,0.0026457,-5.7831e-5,0.00059354,-0.0029251,0.0018953,-8.8071e-5,0.00024044,-4.4407e-5,-0.00024406
omega_V1,-0.0028922,6.865e-5,0.0064749,-0.016301,-8.8071e-5,0.0063585,-0.0058972,-0.0021693,-4.03e-5
omega_Q,-0.01271,0.00065794,-0.17269,0.42084,0.00024044,-0.0058972,0.1002,-0.0043876,-0.010499
omega_V2,-0.0031751,0.00022107,0.052228,-0.12367,-4.4407e-5,-0.0021693,-0.0043876,0.044614,-9.3385e-5
a,0.0069848,-0.00019113,0.02038,-0.10252,-0.00024406,-4.03e-5,-0.010499,-9.3385e-5,0.041811
