Cl_pop,16.43,-0.70763,0.060163,-0.43655,0.0022906,-0.0019438,-0.007446,-0.0034072,0.0081499
beta_Cl_tSCRMGDL,-0.70763,0.033509,8.1542e-5,0.0063643,-7.1161e-5,9.6151e-5,-8.4771e-5,0.00036682,-0.00012803
V1_pop,0.060163,8.1542e-5,7.1685,-4.6531,-0.00014664,0.08589,-0.50448,0.054198,0.032998
V2_pop,-0.43655,0.0063643,-4.6531,26.745,-0.0023901,-0.17439,1.1264,0.21429,-0.1208
omega_Cl,0.0022906,-7.1161e-5,-0.00014664,-0.0023901,0.0018476,-9.8507e-5,0.0002408,0.00012871,1.2697e-5
omega_V1,-0.0019438,9.6151e-5,0.08589,-0.17439,-9.8507e-5,0.010698,-0.022377,-0.0041354,-0.0007147
omega_Q,-0.007446,-8.4771e-5,-0.50448,1.1264,0.0002408,-0.022377,0.16717,-0.0020064,-0.0086831
omega_V2,-0.0034072,0.00036682,0.054198,0.21429,0.00012871,-0.0041354,-0.0020064,0.061723,0.0025654
a,0.0081499,-0.00012803,0.032998,-0.1208,1.2697e-5,-0.0007147,-0.0086831,0.0025654,0.043377
