Cl_pop,16.479,-0.70929,0.066689,-0.45235,0.0041672,-0.0020186,-0.017731,0.001769,0.0089588
beta_Cl_tSCRMGDL,-0.70929,0.033561,-0.00095809,0.0066593,-0.00015065,0.00012154,-1.5659e-5,0.00022183,-0.00019871
V1_pop,0.066689,-0.00095809,5.4433,-1.8361,-0.00061181,0.0081693,-0.11014,0.10027,0.026161
V2_pop,-0.45235,0.0066593,-1.8361,15.981,-0.0021599,-0.042177,0.73333,-0.2403,-0.123
omega_Cl,0.0041672,-0.00015065,-0.00061181,-0.0021599,0.0018595,-0.00010947,0.00034377,3.1625e-5,-0.00011743
omega_V1,-0.0020186,0.00012154,0.0081693,-0.042177,-0.00010947,0.0079195,-0.010749,-0.0015356,-0.0001561
omega_Q,-0.017731,-1.5659e-5,-0.11014,0.73333,0.00034377,-0.010749,0.15486,-0.020849,-0.010666
omega_V2,0.001769,0.00022183,0.10027,-0.2403,3.1625e-5,-0.0015356,-0.020849,0.055208,0.00092923
a,0.0089588,-0.00019871,0.026161,-0.123,-0.00011743,-0.0001561,-0.010666,0.00092923,0.039518
