Cl_pop,16.456,-0.71124,-0.013753,-0.30337,0.0026662,-0.0015625,-0.0077096,0.0011253,0.0033117
beta_Cl_tSCRMGDL,-0.71124,0.035519,0.0022171,0.005612,-0.0020916,9.8811e-5,-0.00013624,0.0002703,7.9015e-5
V1_pop,-0.013753,0.0022171,6.3035,-3.2941,0.00083138,0.041368,-0.43952,0.067419,0.026601
V2_pop,-0.30337,0.005612,-3.2941,16.913,-0.0038291,-0.072103,0.97972,-0.18035,-0.086495
omega_Cl,0.0026662,-0.0020916,0.00083138,-0.0038291,0.0022327,-3.6223e-5,-0.00020213,-6.6859e-5,-0.0001986
omega_V1,-0.0015625,9.8811e-5,0.041368,-0.072103,-3.6223e-5,0.0075252,-0.014642,-0.0022054,-0.00024048
omega_Q,-0.0077096,-0.00013624,-0.43952,0.97972,-0.00020213,-0.014642,0.19767,-0.010844,-0.008462
omega_V2,0.0011253,0.0002703,0.067419,-0.18035,-6.6859e-5,-0.0022054,-0.010844,0.050126,0.0011694
a,0.0033117,7.9015e-5,0.026601,-0.086495,-0.0001986,-0.00024048,-0.008462,0.0011694,0.039389
