Cl_pop,1,-0.95372,0.022176,-0.039361,0.012848,0.025319,-0.030908,0.0054286,0.0068961
beta_Cl_tSCRMGDL,-0.95372,1,-0.011692,0.018275,-0.023498,-0.015401,0.015331,0.0047037,-0.0034349
V1_pop,0.022176,-0.011692,1,-0.46894,-0.035502,0.40486,-0.51683,0.24931,-0.028764
V2_pop,-0.039361,0.018275,-0.46894,1,0.037542,-0.57324,0.76181,-0.33502,0.014899
omega_Cl,0.012848,-0.023498,-0.035502,0.037542,1,-0.0558,0.055885,-0.023322,-0.0042885
omega_V1,0.025319,-0.015401,0.40486,-0.57324,-0.0558,1,-0.74844,0.088306,-0.11501
omega_Q,-0.030908,0.015331,-0.51683,0.76181,0.055885,-0.74844,1,-0.29893,0.081658
omega_V2,0.0054286,0.0047037,0.24931,-0.33502,-0.023322,0.088306,-0.29893,1,-0.033332
a,0.0068961,-0.0034349,-0.028764,0.014899,-0.0042885,-0.11501,0.081658,-0.033332,1
