Cl_pop,16.544,-0.71208,-0.00087528,-0.30723,0.0026757,-0.0023858,0.0005175,-0.0038086,0.0066335
beta_Cl_tSCRMGDL,-0.71208,0.033702,0.0024992,0.0028309,-5.6046e-5,7.9652e-5,-0.00017364,0.00036428,-3.2022e-5
V1_pop,-0.00087528,0.0024992,7.432,-4.2009,-0.0012208,0.081938,-0.46927,0.089247,0.10964
V2_pop,-0.30723,0.0028309,-4.2009,16.842,0.00015936,-0.085479,0.6806,-0.22656,-0.22739
omega_Cl,0.0026757,-5.6046e-5,-0.0012208,0.00015936,0.0019013,-8.4515e-5,0.00039058,-0.00019573,-0.0002758
omega_V1,-0.0023858,7.9652e-5,0.081938,-0.085479,-8.4515e-5,0.0084078,-0.014433,-0.0024871,0.0021215
omega_Q,0.0005175,-0.00017364,-0.46927,0.6806,0.00039058,-0.014433,0.12593,-0.0088748,-0.020372
omega_V2,-0.0038086,0.00036428,0.089247,-0.22656,-0.00019573,-0.0024871,-0.0088748,0.059549,0.0049699
a,0.0066335,-3.2022e-5,0.10964,-0.22739,-0.0002758,0.0021215,-0.020372,0.0049699,0.044479
