Cl_pop,nan,nan,nan,nan,nan,nan,nan,nan,nan
beta_Cl_tSCRMGDL,nan,nan,nan,nan,nan,nan,nan,nan,nan
V1_pop,nan,nan,1,-0.17711,0.015907,-0.056559,-0.16655,0.17682,0.034892
V2_pop,nan,nan,-0.17711,1,-0.049397,-0.021136,0.30778,-0.27,-0.067971
omega_Cl,nan,nan,0.015907,-0.049397,1,-0.024076,0.0021209,0.01644,-0.078829
omega_V1,nan,nan,-0.056559,-0.021136,-0.024076,1,-0.2701,-0.13058,-0.013622
omega_Q,nan,nan,-0.16655,0.30778,0.0021209,-0.2701,1,-0.108,-0.04226
omega_V2,nan,nan,0.17682,-0.27,0.01644,-0.13058,-0.108,1,0.0093881
a,nan,nan,0.034892,-0.067971,-0.078829,-0.013622,-0.04226,0.0093881,1
