Cl_pop,nan,nan,nan,nan,nan,nan,nan,nan,nan
beta_Cl_tSCRMGDL,nan,nan,nan,nan,nan,nan,nan,nan,nan
V1_pop,nan,nan,5.2118,-1.5024,0.00058013,-0.010663,-0.12587,0.094607,0.01747
V2_pop,nan,nan,-1.5024,13.807,-0.0029321,-0.0064857,0.37858,-0.23512,-0.055392
omega_Cl,nan,nan,0.00058013,-0.0029321,0.0002552,-3.1763e-5,1.1216e-5,6.1548e-5,-0.00027619
omega_V1,nan,nan,-0.010663,-0.0064857,-3.1763e-5,0.0068199,-0.007384,-0.0025272,-0.00024672
omega_Q,nan,nan,-0.12587,0.37858,1.1216e-5,-0.007384,0.10958,-0.0083791,-0.0030682
omega_V2,nan,nan,0.094607,-0.23512,6.1548e-5,-0.0025272,-0.0083791,0.054925,0.00048255
a,nan,nan,0.01747,-0.055392,-0.00027619,-0.00024672,-0.0030682,0.00048255,0.048101
