Cl_pop,1,-0.95378,0.010986,-0.032962,0.0030235,0.0089471,-0.022029,0.0022349,0.019176
beta_Cl_tSCRMGDL,-0.95378,1,-0.0078774,0.017574,0.011522,-0.010543,0.016053,0.0039803,-0.012289
V1_pop,0.010986,-0.0078774,1,-0.24605,-0.010136,0.028348,-0.26851,0.22201,0.052565
V2_pop,-0.032962,0.017574,-0.24605,1,0.00073222,-0.083372,0.48298,-0.2867,-0.14146
omega_Cl,0.0030235,0.011522,-0.010136,0.00073222,1,-0.015797,0.028486,-0.014909,-0.019097
omega_V1,0.0089471,-0.010543,0.028348,-0.083372,-0.015797,1,-0.23333,-0.093339,-0.044787
omega_Q,-0.022029,0.016053,-0.26851,0.48298,0.028486,-0.23333,1,-0.26293,-0.1225
omega_V2,0.0022349,0.0039803,0.22201,-0.2867,-0.014909,-0.093339,-0.26293,1,0.039443
a,0.019176,-0.012289,0.052565,-0.14146,-0.019097,-0.044787,-0.1225,0.039443,1
