Cl_pop,1,-0.95454,0.011707,0.0025281,0,0,0,0,0
beta_Cl_tSCRMGDL,-0.95454,1,-0.0072411,-0.0027259,0,0,0,0,0
V1_pop,0.011707,-0.0072411,1,-0.1217,0,0,0,0,0
V2_pop,0.0025281,-0.0027259,-0.1217,1,0,0,0,0,0
omega_Cl,0,0,0,0,1,0.00097956,0.0021807,0.00095542,-0.026921
omega_V1,0,0,0,0,0.00097956,1,-0.11349,-0.019382,-0.040567
omega_Q,0,0,0,0,0.0021807,-0.11349,1,-0.033617,-0.092971
omega_V2,0,0,0,0,0.00095542,-0.019382,-0.033617,1,-0.087319
a,0,0,0,0,-0.026921,-0.040567,-0.092971,-0.087319,1
