Cl_pop,16.315,-0.70325,0.10257,0.030372,0,0,0,0,0
beta_Cl_tSCRMGDL,-0.70325,0.033269,-0.0028648,-0.0014788,0,0,0,0,0
V1_pop,0.10257,-0.0028648,4.7049,-0.78513,0,0,0,0,0
V2_pop,0.030372,-0.0014788,-0.78513,8.8463,0,0,0,0,0
omega_Cl,0,0,0,0,0.0018172,2.959e-6,2.2567e-5,7.7915e-6,-0.00025373
omega_V1,0,0,0,0,2.959e-6,0.0050214,-0.0019523,-0.00026274,-0.00063556
omega_Q,0,0,0,0,2.2567e-5,-0.0019523,0.058932,-0.0015612,-0.0049899
omega_V2,0,0,0,0,7.7915e-6,-0.00026274,-0.0015612,0.036597,-0.0036932
a,0,0,0,0,-0.00025373,-0.00063556,-0.0049899,-0.0036932,0.04888
