Cl_pop,nan,nan,nan,nan,nan,nan,nan,nan,nan
beta_Cl_tSCRMGDL,nan,1,0.0022294,0.087864,-0.99394,0.073198,-0.030258,0.0088632,0.24334
V1_pop,nan,0.0022294,1,-0.24828,-0.0011915,0.029378,-0.29423,0.18558,0.086482
V2_pop,nan,0.087864,-0.24828,1,-0.092526,-0.01769,0.31817,-0.23221,-0.1011
omega_Cl,nan,-0.99394,-0.0011915,-0.092526,1,-0.074921,0.029856,-0.0071064,-0.24796
omega_V1,nan,0.073198,0.029378,-0.01769,-0.074921,1,-0.30458,-0.22623,-0.01038
omega_Q,nan,-0.030258,-0.29423,0.31817,0.029856,-0.30458,1,-0.043804,-0.1214
omega_V2,nan,0.0088632,0.18558,-0.23221,-0.0071064,-0.22623,-0.043804,1,0.0685
a,nan,0.24334,0.086482,-0.1011,-0.24796,-0.01038,-0.1214,0.0685,1
