Cl_pop,nan,nan,nan,nan,nan,nan,nan,nan,nan
beta_Cl_tSCRMGDL,nan,0.25072,0.0027319,0.1646,-0.092778,0.0034276,-0.0051439,0.0010526,0.026835
V1_pop,nan,0.0027319,5.989,-2.2733,-0.00054359,0.0067236,-0.24447,0.10771,0.046612
V2_pop,nan,0.1646,-2.2733,13.998,-0.064533,-0.0061895,0.40416,-0.20606,-0.083304
omega_Cl,nan,-0.092778,-0.00054359,-0.064533,0.034751,-0.0013061,0.0018896,-0.0003142,-0.01018
omega_V1,nan,0.0034276,0.0067236,-0.0061895,-0.0013061,0.0087457,-0.0096705,-0.0050178,-0.0002138
omega_Q,nan,-0.0051439,-0.24447,0.40416,0.0018896,-0.0096705,0.11527,-0.0035273,-0.0090773
omega_V2,nan,0.0010526,0.10771,-0.20606,-0.0003142,-0.0050178,-0.0035273,0.056253,0.0035781
a,nan,0.026835,0.046612,-0.083304,-0.01018,-0.0002138,-0.0090773,0.0035781,0.048505
