Cl_pop,1,-0.95378,0.0056415,-0.02299,0.0079606,0.00080359,-0.010663,0.0013145,0.013906
beta_Cl_tSCRMGDL,-0.95378,1,-0.0046023,0.0070634,-0.0068074,-0.0022273,0.004929,0.0052682,-0.0077619
V1_pop,0.0056415,-0.0046023,1,-0.081998,0.010033,-0.18099,0.025236,0.13088,0.016445
V2_pop,-0.02299,0.0070634,-0.081998,1,-0.022223,0.013199,0.35674,-0.34017,-0.14167
omega_Cl,0.0079606,-0.0068074,0.010033,-0.022223,1,-0.016482,-0.001294,0.0086055,-0.02402
omega_V1,0.00080359,-0.0022273,-0.18099,0.013199,-0.016482,1,-0.081184,-0.072974,-0.017841
omega_Q,-0.010663,0.004929,0.025236,0.35674,-0.001294,-0.081184,1,-0.17283,-0.13159
omega_V2,0.0013145,0.0052682,0.13088,-0.34017,0.0086055,-0.072974,-0.17283,1,0.0080816
a,0.013906,-0.0077619,0.016445,-0.14167,-0.02402,-0.017841,-0.13159,0.0080816,1
