Cl_pop,16.473,-0.70949,0.049053,-0.31011,0.0013989,0.0002202,-0.018034,0.0012149,0.011688
beta_Cl_tSCRMGDL,-0.70949,0.033591,-0.001807,0.0043024,-5.4018e-5,-2.7561e-5,0.00037643,0.00021987,-0.00029459
V1_pop,0.049053,-0.001807,4.5895,-0.58381,0.00093054,-0.026179,0.022528,0.063848,0.0072957
V2_pop,-0.31011,0.0043024,-0.58381,11.045,-0.0031977,0.0029616,0.49404,-0.25744,-0.097501
omega_Cl,0.0013989,-5.4018e-5,0.00093054,-0.0031977,0.0018745,-4.818e-5,-2.3345e-5,8.4841e-5,-0.00021535
omega_V1,0.0002202,-2.7561e-5,-0.026179,0.0029616,-4.818e-5,0.0045584,-0.002284,-0.0011219,-0.00024944
omega_Q,-0.018034,0.00037643,0.022528,0.49404,-2.3345e-5,-0.002284,0.17363,-0.016399,-0.011355
omega_V2,0.0012149,0.00021987,0.063848,-0.25744,8.4841e-5,-0.0011219,-0.016399,0.051854,0.0003811
a,0.011688,-0.00029459,0.0072957,-0.097501,-0.00021535,-0.00024944,-0.011355,0.0003811,0.042883
