Cl_pop,1,-0.95357,0.0051642,-0.038694,-0.00068601,0.004301,-0.026199,0.0037638,0.014454
beta_Cl_tSCRMGDL,-0.95357,1,-0.0045174,0.02342,-0.021989,-0.0021992,0.017499,0.0014822,-0.0098305
V1_pop,0.0051642,-0.0045174,1,-0.099207,0.0038695,-0.10191,-0.074876,0.15316,0.046484
V2_pop,-0.038694,0.02342,-0.099207,1,-0.0081057,-0.23366,0.57879,-0.17614,-0.071224
omega_Cl,-0.00068601,-0.021989,0.0038695,-0.0081057,1,-0.017198,0.019018,-0.00023034,-0.017099
omega_V1,0.004301,-0.0021992,-0.10191,-0.23366,-0.017198,1,-0.39154,-0.0098279,-0.082581
omega_Q,-0.026199,0.017499,-0.074876,0.57879,0.019018,-0.39154,1,-0.24206,-0.0044068
omega_V2,0.0037638,0.0014822,0.15316,-0.17614,-0.00023034,-0.0098279,-0.24206,1,-0.012519
a,0.014454,-0.0098305,0.046484,-0.071224,-0.017099,-0.082581,-0.0044068,-0.012519,1
