Cl_pop,16.457,-0.70851,0.04559,-0.66814,-0.0001204,0.0013595,-0.062137,0.0037382,0.012008
beta_Cl_tSCRMGDL,-0.70851,0.033546,-0.0018006,0.018259,-0.00017424,-3.1383e-5,0.0018738,6.6466e-5,-0.00036871
V1_pop,0.04559,-0.0018006,4.7357,-0.91894,0.00036431,-0.01728,-0.095263,0.081602,0.020715
V2_pop,-0.66814,0.018259,-0.91894,18.118,-0.0014927,-0.07749,1.4403,-0.18356,-0.062081
omega_Cl,-0.0001204,-0.00017424,0.00036431,-0.0014927,0.0018717,-5.7973e-5,0.00048104,-2.4398e-6,-0.00015149
omega_V1,0.0013595,-3.1383e-5,-0.01728,-0.07749,-5.7973e-5,0.0060706,-0.017836,-0.00018747,-0.0013176
omega_Q,-0.062137,0.0018738,-0.095263,1.4403,0.00048104,-0.017836,0.3418,-0.034647,-0.00052759
omega_V2,0.0037382,6.6466e-5,0.081602,-0.18356,-2.4398e-6,-0.00018747,-0.034647,0.059941,-0.00062764
a,0.012008,-0.00036871,0.020715,-0.062081,-0.00015149,-0.0013176,-0.00052759,-0.00062764,0.041934
