Cl_pop,1,-0.95006,-0.012241,0.014113,0.0099802,-0.031203,0.02988,-0.0056212,0.0032045
beta_Cl_tSCRMGDL,-0.95006,1,0.018472,-0.032687,-0.09884,0.041808,-0.044558,0.006219,0.0013864
V1_pop,-0.012241,0.018472,1,-0.38816,0.0009788,0.32045,-0.42265,0.079384,0.032939
V2_pop,0.014113,-0.032687,-0.38816,1,0.0024716,-0.62598,0.79311,-0.0081975,-0.05843
omega_Cl,0.0099802,-0.09884,0.0009788,0.0024716,1,-0.022062,0.018329,-0.00076617,-0.027141
omega_V1,-0.031203,0.041808,0.32045,-0.62598,-0.022062,1,-0.76081,-0.098459,-0.016972
omega_Q,0.02988,-0.044558,-0.42265,0.79311,0.018329,-0.76081,1,0.0084758,-0.029845
omega_V2,-0.0056212,0.006219,0.079384,-0.0081975,-0.00076617,-0.098459,0.0084758,1,0.030166
a,0.0032045,0.0013864,0.032939,-0.05843,-0.027141,-0.016972,-0.029845,0.030166,1
