Cl_pop,16.238,-0.70252,0.11183,0.025759,0,0,0,0,0
beta_Cl_tSCRMGDL,-0.70252,0.033355,-0.0031113,-0.0013039,0,0,0,0,0
V1_pop,0.11183,-0.0031113,4.6702,-0.95976,0,0,0,0,0
V2_pop,0.025759,-0.0013039,-0.95976,9.3951,0,0,0,0,0
omega_Cl,0,0,0,0,0.0018182,2.7547e-6,2.1244e-5,-2.0273e-6,-0.00025293
omega_V1,0,0,0,0,2.7547e-6,0.0051585,-0.0020342,-0.00042083,-0.00069794
omega_Q,0,0,0,0,2.1244e-5,-0.0020342,0.063455,-0.0015431,-0.0044747
omega_V2,0,0,0,0,-2.0273e-6,-0.00042083,-0.0015431,0.034799,-0.0035863
a,0,0,0,0,-0.00025293,-0.00069794,-0.0044747,-0.0035863,0.04769
