Cl_pop,1,-0.95011,-0.017969,0.010283,0.091287,-0.033024,0.031707,0.0036543,0.010036
beta_Cl_tSCRMGDL,-0.95011,1,0.0263,-0.02964,-0.0053205,0.039413,-0.042668,-0.0033349,-0.0014792
V1_pop,-0.017969,0.0263,1,-0.46547,-0.0425,0.45166,-0.53835,-0.067311,0.13705
V2_pop,0.010283,-0.02964,-0.46547,1,0.043142,-0.59506,0.73079,0.10259,-0.19893
omega_Cl,0.091287,-0.0053205,-0.0425,0.043142,1,-0.067053,0.073605,0.0076115,-0.023673
omega_V1,-0.033024,0.039413,0.45166,-0.59506,-0.067053,1,-0.77924,-0.2733,0.085769
omega_Q,0.031707,-0.042668,-0.53835,0.73079,0.073605,-0.77924,1,0.20202,-0.15382
omega_V2,0.0036543,-0.0033349,-0.067311,0.10259,0.0076115,-0.2733,0.20202,1,-0.0054998
a,0.010036,-0.0014792,0.13705,-0.19893,-0.023673,0.085769,-0.15382,-0.0054998,1
