Cl_pop,14.567,-0.66247,-0.19337,0.10318,-0.017561,-0.015649,0.048548,-0.0021459,0.002528
beta_Cl_tSCRMGDL,-0.66247,0.033632,0.016145,-0.021791,-0.00016701,0.0010822,-0.0040185,0.00021935,-9.2207e-5
V1_pop,-0.19337,0.016145,8.893,-6.5355,-0.0055751,0.2183,-0.9397,0.046047,-0.0093482
V2_pop,0.10318,-0.021791,-6.5355,20.825,0.0072252,-0.29933,1.5516,-0.1332,-0.01435
omega_Cl,-0.017561,-0.00016701,-0.0055751,0.0072252,0.0019994,-0.00041051,0.0016669,3.1982e-6,-0.00016503
omega_V1,-0.015649,0.0010822,0.2183,-0.29933,-0.00041051,0.017975,-0.048942,-0.0016386,-0.0020609
omega_Q,0.048548,-0.0040185,-0.9397,1.5516,0.0016669,-0.048942,0.27655,-0.0056893,0.0039105
omega_V2,-0.0021459,0.00021935,0.046047,-0.1332,3.1982e-6,-0.0016386,-0.0056893,0.045091,-6.6156e-5
a,0.002528,-9.2207e-5,-0.0093482,-0.01435,-0.00016503,-0.0020609,0.0039105,-6.6156e-5,0.039525
