Cl_pop,16.458,-0.70883,0.10175,-0.33401,0.0028142,0.0024688,-0.014438,-0.0073215,0.0096142
beta_Cl_tSCRMGDL,-0.70883,0.033558,0.00069047,0.0034819,-0.00011021,-0.00017799,0.00020175,0.00057827,-7.345e-5
V1_pop,0.10175,0.00069047,8.9146,-3.5702,0.0036179,-0.1672,-0.23925,0.17682,0.030216
V2_pop,-0.33401,0.0034819,-3.5702,14.808,-0.0022734,0.0013132,0.48846,-0.22742,-0.1324
omega_Cl,0.0028142,-0.00011021,0.0036179,-0.0022734,0.0018417,-0.00016392,0.00019118,9.1654e-5,-0.00024161
omega_V1,0.0024688,-0.00017799,-0.1672,0.0013132,-0.00016392,0.010662,-0.0061187,-0.004808,-0.0006688
omega_Q,-0.014438,0.00020175,-0.23925,0.48846,0.00019118,-0.0061187,0.095835,-0.0083841,-0.01044
omega_V2,-0.0073215,0.00057827,0.17682,-0.22742,9.1654e-5,-0.004808,-0.0083841,0.053165,0.0022812
a,0.0096142,-7.345e-5,0.030216,-0.1324,-0.00024161,-0.0006688,-0.01044,0.0022812,0.044641
