Cl_pop,1,-0.95367,-9.4632e-6,-0.013411,0.0056974,-0.010251,0.0023346,0.0017105,0.004153
beta_Cl_tSCRMGDL,-0.95367,1,0.0069059,-0.0069171,-0.0076363,0.018301,-0.016579,0.0049858,-0.0018601
V1_pop,-9.4632e-6,0.0069059,1,-0.30121,-0.014538,0.19418,-0.33413,0.16148,-0.017601
V2_pop,-0.013411,-0.0069171,-0.30121,1,0.030061,-0.45071,0.67731,-0.1872,0.084902
omega_Cl,0.0056974,-0.0076363,-0.014538,0.030061,1,-0.047235,0.053598,-0.0046123,0.0076845
omega_V1,-0.010251,0.018301,0.19418,-0.45071,-0.047235,1,-0.65663,0.025599,-0.21735
omega_Q,0.0023346,-0.016579,-0.33413,0.67731,0.053598,-0.65663,1,-0.19038,0.18706
omega_V2,0.0017105,0.0049858,0.16148,-0.1872,-0.0046123,0.025599,-0.19038,1,-0.041719
a,0.004153,-0.0018601,-0.017601,0.084902,0.0076845,-0.21735,0.18706,-0.041719,1
