Cl_pop,16.457,-0.709,-9.0221e-5,-0.26073,0.00099026,-0.0044535,0.0055713,0.0014373,0.0034778
beta_Cl_tSCRMGDL,-0.709,0.033584,0.0029742,-0.0060749,-5.9958e-5,0.00035917,-0.0017873,0.00018926,-7.0369e-5
V1_pop,-9.0221e-5,0.0029742,5.523,-3.3924,-0.0014638,0.048871,-0.46193,0.07861,-0.0085386
V2_pop,-0.26073,-0.0060749,-3.3924,22.967,0.0061724,-0.23132,1.9095,-0.18583,0.083991
omega_Cl,0.00099026,-5.9958e-5,-0.0014638,0.0061724,0.0018357,-0.00021673,0.0013509,-4.0934e-5,6.7964e-5
omega_V1,-0.0044535,0.00035917,0.048871,-0.23132,-0.00021673,0.011469,-0.041367,0.00056788,-0.004805
omega_Q,0.0055713,-0.0017873,-0.46193,1.9095,0.0013509,-0.041367,0.34606,-0.023199,0.022716
omega_V2,0.0014373,0.00018926,0.07861,-0.18583,-4.0934e-5,0.00056788,-0.023199,0.042907,-0.0017839
a,0.0034778,-7.0369e-5,-0.0085386,0.083991,6.7964e-5,-0.004805,0.022716,-0.0017839,0.042612
