Cl_pop,1,-0.95416,0.13014,-0.034735,0.0069452,-0.12793,nan,0.10758,0.086091
beta_Cl_tSCRMGDL,-0.95416,1,-0.10817,0.016055,-0.002127,0.10761,nan,-0.085937,-0.069005
V1_pop,0.13014,-0.10817,1,-0.12745,-0.12291,-0.99017,nan,0.80688,0.63591
V2_pop,-0.034735,0.016055,-0.12745,1,-0.018018,0.062168,nan,-0.35016,-0.074843
omega_Cl,0.0069452,-0.002127,-0.12291,-0.018018,1,0.12647,nan,-0.08879,-0.099052
omega_V1,-0.12793,0.10761,-0.99017,0.062168,0.12647,1,nan,-0.78891,-0.64479
omega_Q,nan,nan,nan,nan,nan,nan,nan,nan,nan
omega_V2,0.10758,-0.085937,0.80688,-0.35016,-0.08879,-0.78891,nan,1,0.51015
a,0.086091,-0.069005,0.63591,-0.074843,-0.099052,-0.64479,nan,0.51015,1
