Cl_pop,28.314,-0.85477,0.043461,-0.63573,0.10592,-0.0017858,0.0074624,-0.015257,0.026906
beta_Cl_tSCRMGDL,-0.85477,0.033607,0.0002021,0.0077164,8.7869e-5,3.9338e-5,0.00014686,0.00034336,-0.00060734
V1_pop,0.043461,0.0002021,5.1264,-1.7304,0.00065431,0.013405,-0.20896,0.085433,0.026972
V2_pop,-0.63573,0.0077164,-1.7304,15.886,-0.0038546,-0.068953,0.80866,-0.087387,-0.15323
omega_Cl,0.10592,8.7869e-5,0.00065431,-0.0038546,0.0026625,-1.6e-5,0.00037287,-0.00019345,-0.00015535
omega_V1,-0.0017858,3.9338e-5,0.013405,-0.068953,-1.6e-5,0.0065367,-0.012,-0.0012772,0.00065684
omega_Q,0.0074624,0.00014686,-0.20896,0.80866,0.00037287,-0.012,0.16985,-0.015553,-0.011682
omega_V2,-0.015257,0.00034336,0.085433,-0.087387,-0.00019345,-0.0012772,-0.015553,0.056548,-0.00070566
a,0.026906,-0.00060734,0.026972,-0.15323,-0.00015535,0.00065684,-0.011682,-0.00070566,0.043903
