Cl_pop,1,-0.95327,0.014489,-0.055039,0.0042892,0.029918,-0.030127,-0.033455,0.0094994
beta_Cl_tSCRMGDL,-0.95327,1,-0.016388,0.038382,0.00247,-0.035835,0.040842,0.033459,-0.0055486
V1_pop,0.014489,-0.016388,1,-0.14788,-0.00036252,-0.010113,-0.14437,0.098086,-0.01409
V2_pop,-0.055039,0.038382,-0.14788,1,-0.038993,-0.24617,0.38765,0.18613,-0.04834
omega_Cl,0.0042892,0.00247,-0.00036252,-0.038993,1,-0.025187,0.026617,-0.026169,-0.066116
omega_V1,0.029918,-0.035835,-0.010113,-0.24617,-0.025187,1,-0.43336,-0.22901,0.048208
omega_Q,-0.030127,0.040842,-0.14437,0.38765,0.026617,-0.43336,1,0.11449,0.027464
omega_V2,-0.033455,0.033459,0.098086,0.18613,-0.026169,-0.22901,0.11449,1,-0.14262
a,0.0094994,-0.0055486,-0.01409,-0.04834,-0.066116,0.048208,0.027464,-0.14262,1
