Cl_pop,16.834,-0.72408,0.19905,-0.91577,0.0027946,0.011889,-0.078734,-0.013883,0.017597
beta_Cl_tSCRMGDL,-0.72408,0.034262,-0.010811,0.035051,-0.00012894,-0.00072766,0.0048972,0.0006459,-0.00012352
V1_pop,0.19905,-0.010811,6.1016,-2.9475,0.0030898,0.04058,-0.35634,0.043541,0.023763
V2_pop,-0.91577,0.035051,-2.9475,18.322,-0.010826,-0.15645,1.0722,0.085089,-0.1045
omega_Cl,0.0027946,-0.00012894,0.0030898,-0.010826,0.0020402,0.00011261,-0.00091915,-0.00015709,-0.00088073
omega_V1,0.011889,-0.00072766,0.04058,-0.15645,0.00011261,0.011147,-0.027162,-0.0047404,-0.0015476
omega_Q,-0.078734,0.0048972,-0.35634,1.0722,-0.00091915,-0.027162,0.24181,0.0071964,0.011929
omega_V2,-0.013883,0.0006459,0.043541,0.085089,-0.00015709,-0.0047404,0.0071964,0.050529,-0.0071948
a,0.017597,-0.00012352,0.023763,-0.1045,-0.00088073,-0.0015476,0.011929,-0.0071948,0.15339
