Cl_pop,1,0.035629,-0.029992,-0.045988,0.018332,0.027068,-0.027995,0.023301,-0.0083449,0.0064539
V1_pop,0.035629,1,-0.951,-0.7255,-0.10383,0.93424,-0.88687,0.19131,-0.12991,-0.24176
Q_pop,-0.029992,-0.951,1,0.6751,0.10333,-0.93699,0.88173,-0.1239,0.1063,0.29634
V2_pop,-0.045988,-0.7255,0.6751,1,0.069713,-0.65826,0.66882,-0.32298,0.098922,0.071236
omega_Cl,0.018332,-0.10383,0.10333,0.069713,1,-0.10551,0.099724,-0.014108,0.020085,0.0055074
omega_V1,0.027068,0.93424,-0.93699,-0.65826,-0.10551,1,-0.92958,-0.015223,-0.010997,-0.39031
omega_Q,-0.027995,-0.88687,0.88173,0.66882,0.099724,-0.92958,1,-0.0054766,-0.013599,0.36395
omega_V2,0.023301,0.19131,-0.1239,-0.32298,-0.014108,-0.015223,-0.0054766,1,-0.39564,0.4271
a,-0.0083449,-0.12991,0.1063,0.098922,0.020085,-0.010997,-0.013599,-0.39564,1,-0.59369
b,0.0064539,-0.24176,0.29634,0.071236,0.0055074,-0.39031,0.36395,0.4271,-0.59369,1
