Cl_pop,1,-0.94624,0.010146,-0.030676,0.12925,-0.0080562,-0.012176,0.011761,0.013111
beta_Cl_tSCRMGDL,-0.94624,1,0.002548,0.0055476,-0.0058295,0.012019,-0.0030558,-0.00034557,-0.0053981
V1_pop,0.010146,0.002548,1,-0.4375,0.0035666,0.24117,-0.48801,0.26791,0.19389
V2_pop,-0.030676,0.0055476,-0.4375,1,-0.016602,-0.25423,0.6055,-0.37484,-0.2792
omega_Cl,0.12925,-0.0058295,0.0035666,-0.016602,1,-0.0067081,-0.0013342,-0.0026267,-0.025095
omega_V1,-0.0080562,0.012019,0.24117,-0.25423,-0.0067081,1,-0.49814,-0.084165,0.020081
omega_Q,-0.012176,-0.0030558,-0.48801,0.6055,-0.0013342,-0.49814,1,-0.24729,-0.25165
omega_V2,0.011761,-0.00034557,0.26791,-0.37484,-0.0026267,-0.084165,-0.24729,1,0.17004
a,0.013111,-0.0053981,0.19389,-0.2792,-0.025095,0.020081,-0.25165,0.17004,1
