Cl_pop,1,-0.95364,0.020162,-0.029042,0.003192,-0.016957,-0.0075501,0.016909,0.016404
beta_Cl_tSCRMGDL,-0.95364,1,-0.0087799,0.0088886,-0.0012946,0.011668,0.00034757,-0.0026074,-0.0073188
V1_pop,0.020162,-0.0087799,1,-0.33633,0.0066921,-0.6332,-0.10515,0.37797,0.096584
V2_pop,-0.029042,0.0088886,-0.33633,1,-0.022509,0.037629,0.43893,-0.39743,-0.16779
omega_Cl,0.003192,-0.0012946,0.0066921,-0.022509,1,-0.017788,0.01205,0.017854,-0.0099908
omega_V1,-0.016957,0.011668,-0.6332,0.037629,-0.017788,1,-0.32466,-0.30232,-0.084494
omega_Q,-0.0075501,0.00034757,-0.10515,0.43893,0.01205,-0.32466,1,-0.080251,-0.10347
omega_V2,0.016909,-0.0026074,0.37797,-0.39743,0.017854,-0.30232,-0.080251,1,0.12558
a,0.016404,-0.0073188,0.096584,-0.16779,-0.0099908,-0.084494,-0.10347,0.12558,1
