Cl_pop,1,-0.95381,-0.0012754,-0.020499,0.0047303,-0.0033177,-0.0058479,-0.0085189,0.012093
beta_Cl_tSCRMGDL,-0.95381,1,0.00096994,0.0087595,-0.0039892,0.0017034,0.0064669,0.0089366,-0.0078901
V1_pop,-0.0012754,0.00096994,1,-0.071483,-0.00012675,0.41796,-0.083511,0.046584,0.063876
V2_pop,-0.020499,0.0087595,-0.071483,1,-0.018367,-0.038004,0.22969,0.027084,-0.1647
omega_Cl,0.0047303,-0.0039892,-0.00012675,-0.018367,1,-0.0075463,0.017049,-0.011454,-0.015587
omega_V1,-0.0033177,0.0017034,0.41796,-0.038004,-0.0075463,1,-0.12617,-0.06785,0.00087079
omega_Q,-0.0058479,0.0064669,-0.083511,0.22969,0.017049,-0.12617,1,-0.040231,-0.16469
omega_V2,-0.0085189,0.0089366,0.046584,0.027084,-0.011454,-0.06785,-0.040231,1,-0.0059287
a,0.012093,-0.0078901,0.063876,-0.1647,-0.015587,0.00087079,-0.16469,-0.0059287,1
