Cl_pop,16.407,-0.70677,-0.01348,-0.29104,0.00082777,-0.00090831,-0.0072887,-0.0071449,0.0099475
beta_Cl_tSCRMGDL,-0.70677,0.033466,0.000463,0.0056169,-3.1528e-5,2.1063e-5,0.00036403,0.00033852,-0.00029313
V1_pop,-0.01348,0.000463,6.8086,-0.6538,-1.4288e-5,0.073715,-0.067052,0.025169,0.033849
V2_pop,-0.29104,0.0056169,-0.6538,12.286,-0.0027814,-0.0090039,0.24773,0.019657,-0.11724
omega_Cl,0.00082777,-3.1528e-5,-1.4288e-5,-0.0027814,0.0018664,-2.2036e-5,0.00022664,-0.00010246,-0.00013676
omega_V1,-0.00090831,2.1063e-5,0.073715,-0.0090039,-2.2036e-5,0.0045685,-0.0026242,-0.0009496,1.1953e-5
omega_Q,-0.0072887,0.00036403,-0.067052,0.24773,0.00022664,-0.0026242,0.094684,-0.0025633,-0.010292
omega_V2,-0.0071449,0.00033852,0.025169,0.019657,-0.00010246,-0.0009496,-0.0025633,0.042875,-0.00024931
a,0.0099475,-0.00029313,0.033849,-0.11724,-0.00013676,1.1953e-5,-0.010292,-0.00024931,0.041243
