Cl_pop,16.426,-0.70762,0.033512,-0.398,0.00020575,0.0016058,-0.029829,-0.0050173,0.013733
beta_Cl_tSCRMGDL,-0.70762,0.033514,-0.0018646,0.0074676,-3.423e-5,-8.2685e-5,0.0011552,0.00039645,-0.00033996
V1_pop,0.033512,-0.0018646,8.9242,-0.56297,-0.00085701,0.11815,-0.061422,0.033387,0.02623
V2_pop,-0.398,0.0074676,-0.56297,14.668,-0.0015172,-0.0089331,0.53005,-0.070972,-0.14458
omega_Cl,0.00020575,-3.423e-5,-0.00085701,-0.0015172,0.0018194,-4.0331e-5,0.00050598,-0.00014656,-0.00026961
omega_V1,0.0016058,-8.2685e-5,0.11815,-0.0089331,-4.0331e-5,0.0050829,-0.0034398,-0.0013745,-0.00012261
omega_Q,-0.029829,0.0011552,-0.061422,0.53005,0.00050598,-0.0034398,0.15404,-0.018844,-0.012855
omega_V2,-0.0050173,0.00039645,0.033387,-0.070972,-0.00014656,-0.0013745,-0.018844,0.05394,0.0023199
a,0.013733,-0.00033996,0.02623,-0.14458,-0.00026961,-0.00012261,-0.012855,0.0023199,0.044036
