Cl_pop,1,-0.95372,0.012951,-0.037921,0.0068699,0.02332,-0.031956,-0.0010551,-0.0064943
beta_Cl_tSCRMGDL,-0.95372,1,-0.0076464,0.021531,-0.011609,-0.016191,0.020904,0.0055077,0.0066548
V1_pop,0.012951,-0.0076464,1,-0.36432,0.016898,0.38803,-0.33877,0.13643,-0.12665
V2_pop,-0.037921,0.021531,-0.36432,1,-0.038788,-0.67157,0.79365,-0.1045,0.23399
omega_Cl,0.0068699,-0.011609,0.016898,-0.038788,1,0.018998,-0.033224,0.0099235,-0.024486
omega_V1,0.02332,-0.016191,0.38803,-0.67157,0.018998,1,-0.81184,0.05926,-0.3334
omega_Q,-0.031956,0.020904,-0.33877,0.79365,-0.033224,-0.81184,1,-0.12721,0.34747
omega_V2,-0.0010551,0.0055077,0.13643,-0.1045,0.0099235,0.05926,-0.12721,1,-0.070975
a,-0.0064943,0.0066548,-0.12665,0.23399,-0.024486,-0.3334,0.34747,-0.070975,1
