Cl_pop,16.095,-0.695,0.032669,-0.20285,0.0024897,-0.0010075,-0.0089807,-0.0012613,0.0020192
beta_Cl_tSCRMGDL,-0.695,0.032969,-0.00054832,0.0028292,-0.00011714,-1.4313e-5,6.797e-5,0.0002193,-3.3799e-5
V1_pop,0.032669,-0.00054832,5.3954,-2.3063,-0.00028966,-0.03313,-0.21002,0.14205,0.0024088
V2_pop,-0.20285,0.0028292,-2.3063,15.286,-0.001263,0.067906,0.69844,-0.35003,-0.038718
omega_Cl,0.0024897,-0.00011714,-0.00028966,-0.001263,0.0016871,-1.1589e-6,-2.044e-5,2.5258e-5,-1.9799e-5
omega_V1,-0.0010075,-1.4313e-5,-0.03313,0.067906,-1.1589e-6,0.0050093,0.0047809,-0.0042065,-0.00044057
omega_Q,-0.0089807,6.797e-5,-0.21002,0.69844,-2.044e-5,0.0047809,0.12332,-0.031746,-0.0028072
omega_V2,-0.0012613,0.0002193,0.14205,-0.35003,2.5258e-5,-0.0042065,-0.031746,0.048105,0.0011931
a,0.0020192,-3.3799e-5,0.0024088,-0.038718,-1.9799e-5,-0.00044057,-0.0028072,0.0011931,0.0047487
