Cl_pop,1,-0.95364,0.004179,-0.024452,0.008005,-0.0015617,-0.0075003,-0.017508,0.012503
beta_Cl_tSCRMGDL,-0.95364,1,-0.00016325,0.0062958,-0.0084104,-0.00101,-0.00065419,0.021902,-0.0039424
V1_pop,0.004179,-0.00016325,1,-0.20546,0.0012254,-0.057944,-0.20193,0.1901,0.089575
V2_pop,-0.024452,0.0062958,-0.20546,1,-0.018275,-0.058408,0.414,-0.18885,-0.1724
omega_Cl,0.008005,-0.0084104,0.0012254,-0.018275,1,-0.013113,0.012272,-0.012667,-0.0048587
omega_V1,-0.0015617,-0.00101,-0.057944,-0.058408,-0.013113,1,-0.21903,-0.11151,0.046853
omega_Q,-0.0075003,-0.00065419,-0.20193,0.414,0.012272,-0.21903,1,-0.14006,-0.15416
omega_V2,-0.017508,0.021902,0.1901,-0.18885,-0.012667,-0.11151,-0.14006,1,-0.002483
a,0.012503,-0.0039424,0.089575,-0.1724,-0.0048587,0.046853,-0.15416,-0.002483,1
