Cl_pop,16.469,-0.70885,0.038852,-0.35446,0.0013906,-0.00049698,-0.011834,-0.015876,0.0099948
beta_Cl_tSCRMGDL,-0.70885,0.033549,-6.85e-5,0.0041192,-6.5941e-5,-1.4507e-5,-4.6585e-5,0.00089644,-0.00014224
V1_pop,0.038852,-6.85e-5,5.2483,-1.6814,0.00012017,-0.010409,-0.17985,0.097317,0.040423
V2_pop,-0.35446,0.0041192,-1.6814,12.76,-0.0027943,-0.016361,0.57496,-0.15074,-0.12131
omega_Cl,0.0013906,-6.5941e-5,0.00012017,-0.0027943,0.0018323,-4.4016e-5,0.00020422,-0.00012116,-4.0968e-5
omega_V1,-0.00049698,-1.4507e-5,-0.010409,-0.016361,-4.4016e-5,0.0061493,-0.0066778,-0.001954,0.00072372
omega_Q,-0.011834,-4.6585e-5,-0.17985,0.57496,0.00020422,-0.0066778,0.15115,-0.012168,-0.011807
omega_V2,-0.015876,0.00089644,0.097317,-0.15074,-0.00012116,-0.001954,-0.012168,0.049932,-0.0001093
a,0.0099948,-0.00014224,0.040423,-0.12131,-4.0968e-5,0.00072372,-0.011807,-0.0001093,0.038802
