Cl_pop,16.411,-0.70718,0.10938,-0.34747,0.0015423,0.0032259,-0.024173,-0.0028101,0.0075929
beta_Cl_tSCRMGDL,-0.70718,0.033502,-0.0037557,0.0054623,-9.9689e-5,-0.00013451,0.00045816,0.00037305,-6.337e-5
V1_pop,0.10938,-0.0037557,5.7859,-1.9351,-0.0012275,0.070371,-0.18375,0.058605,0.0085651
V2_pop,-0.34747,0.0054623,-1.9351,14.621,-0.00081917,-0.099448,0.73604,-0.10568,-0.11628
omega_Cl,0.0015423,-9.9689e-5,-0.0012275,-0.00081917,0.0017971,-8.2439e-5,0.00020257,-3.6165e-5,-0.00015922
omega_V1,0.0032259,-0.00013451,0.070371,-0.099448,-8.2439e-5,0.011213,-0.02,-0.0017026,0.00062908
omega_Q,-0.024173,0.00045816,-0.18375,0.73604,0.00020257,-0.02,0.17853,-0.0091772,-0.011475
omega_V2,-0.0028101,0.00037305,0.058605,-0.10568,-3.6165e-5,-0.0017026,-0.0091772,0.049033,0.00092789
a,0.0075929,-6.337e-5,0.0085651,-0.11628,-0.00015922,0.00062908,-0.011475,0.00092789,0.041969
