Cl_pop,16.678,-0.71588,1.0295,-5.6557,-0.002063,0.096529,-1.2578,0.14408,-0.11551
beta_Cl_tSCRMGDL,-0.71588,0.033773,-0.033838,0.18227,5.0444e-5,-0.0032108,0.041546,-0.0046275,0.0038929
V1_pop,1.0295,-0.033838,8.5311,-20.733,-0.015509,0.34516,-4.7078,0.57999,-0.43195
V2_pop,-5.6557,0.18227,-20.733,127.56,0.089701,-2.1601,27.27,-3.153,2.586
omega_Cl,-0.002063,5.0444e-5,-0.015509,0.089701,0.0019188,-0.0017901,0.021714,-0.0024785,0.0019811
omega_V1,0.096529,-0.0032108,0.34516,-2.1601,-0.0017901,0.046609,-0.50778,0.056376,-0.051112
omega_Q,-1.2578,0.041546,-4.7078,27.27,0.021714,-0.50778,6.4068,-0.72998,0.61303
omega_V2,0.14408,-0.0046275,0.57999,-3.153,-0.0024785,0.056376,-0.72998,0.12496,-0.071507
a,-0.11551,0.0038929,-0.43195,2.586,0.0019811,-0.051112,0.61303,-0.071507,0.097143
