Cl_pop,nan,nan,nan,nan,nan,nan,nan,nan,nan
beta_Cl_tSCRMGDL,nan,13.521,2.2561,6.6467,-4.8744,0.033232,-1.1272,0.1069,1.4098
V1_pop,nan,2.2561,6.2264,-1.1938,-0.81342,0.044457,-0.47696,0.084305,0.27805
V2_pop,nan,6.6467,-1.1938,17.328,-2.3987,-0.015811,-0.06954,-0.13638,0.59548
omega_Cl,nan,-4.8744,-0.81342,-2.3987,1.7576,-0.012001,0.40651,-0.038479,-0.50856
omega_V1,nan,0.033232,0.044457,-0.015811,-0.012001,0.0081189,-0.013352,-0.0015929,0.0014575
omega_Q,nan,-1.1272,-0.47696,-0.06954,0.40651,-0.013352,0.22149,-0.017793,-0.12628
omega_V2,nan,0.1069,0.084305,-0.13638,-0.038479,-0.0015929,-0.017793,0.046603,0.013282
a,nan,1.4098,0.27805,0.59548,-0.50856,0.0014575,-0.12628,0.013282,0.19648
