Cl_pop,1,-0.59587,0.033657,-0.030937,-0.75491,0.077513,-0.075014,0.01786,0.06062
beta_Cl_tSCRMGDL,-0.59587,1,0.0062153,-0.0049995,-0.038613,0.019957,-0.01798,0.0043079,0.0073957
V1_pop,0.033657,0.0062153,1,-0.26225,-0.047262,0.25405,-0.33046,0.068071,0.091953
V2_pop,-0.030937,-0.0049995,-0.26225,1,0.03579,-0.3974,0.55272,-0.088597,-0.14365
omega_Cl,-0.75491,-0.038613,-0.047262,0.03579,1,-0.11764,0.11099,-0.024805,-0.08646
omega_V1,0.077513,0.019957,0.25405,-0.3974,-0.11764,1,-0.65701,-0.10483,0.11114
omega_Q,-0.075014,-0.01798,-0.33046,0.55272,0.11099,-0.65701,1,-0.040965,-0.14808
omega_V2,0.01786,0.0043079,0.068071,-0.088597,-0.024805,-0.10483,-0.040965,1,-0.014997
a,0.06062,0.0073957,0.091953,-0.14365,-0.08646,0.11114,-0.14808,-0.014997,1
