Cl_pop,1,-0.95378,0.0074633,-0.023932,0.0080023,0.00089254,-0.0090724,0.0011855,0.014166
beta_Cl_tSCRMGDL,-0.95378,1,-0.0030253,0.0098521,-0.0069611,-0.0024207,0.0044773,0.0053255,-0.006819
V1_pop,0.0074633,-0.0030253,1,-0.3105,-0.0060655,-0.046737,-0.35195,0.27527,0.11903
V2_pop,-0.023932,0.0098521,-0.3105,1,-0.012848,0.033664,0.46782,-0.30131,-0.19499
omega_Cl,0.0080023,-0.0069611,-0.0060655,-0.012848,1,-0.015165,0.016428,0.0062969,-0.018421
omega_V1,0.00089254,-0.0024207,-0.046737,0.033664,-0.015165,1,-0.070884,-0.22714,-0.062806
omega_Q,-0.0090724,0.0044773,-0.35195,0.46782,0.016428,-0.070884,1,-0.27766,-0.17428
omega_V2,0.0011855,0.0053255,0.27527,-0.30131,0.0062969,-0.22714,-0.27766,1,0.059554
a,0.014166,-0.006819,0.11903,-0.19499,-0.018421,-0.062806,-0.17428,0.059554,1
