Cl_pop,1,-0.9159,0.0038426,-0.016439,-0.26753,0.0018911,-0.0088563,-0.0021107,0.0076322
beta_Cl_tSCRMGDL,-0.9159,1,-0.0022185,0.0078307,-0.01193,0.0027833,0.00066415,0.0088896,-0.00064467
V1_pop,0.0038426,-0.0022185,1,-0.121,-0.0031489,-0.072362,-0.11113,0.16293,0.034933
V2_pop,-0.016439,0.0078307,-0.121,1,-0.012998,-0.060245,0.33274,-0.06859,-0.075438
omega_Cl,-0.26753,-0.01193,-0.0031489,-0.012998,1,-0.017123,0.013961,-0.01549,-0.021504
omega_V1,0.0018911,0.0027833,-0.072362,-0.060245,-0.017123,1,-0.22734,-0.094075,-0.06914
omega_Q,-0.0088563,0.00066415,-0.11113,0.33274,0.013961,-0.22734,1,-0.15225,-0.058095
omega_V2,-0.0021107,0.0088896,0.16293,-0.06859,-0.01549,-0.094075,-0.15225,1,0.0034604
a,0.0076322,-0.00064467,0.034933,-0.075438,-0.021504,-0.06914,-0.058095,0.0034604,1
