Cl_pop,1,-0.94442,0.0049683,-0.033294,0.14568,0.0011051,-0.023364,-0.0035448,0.018328
beta_Cl_tSCRMGDL,-0.94442,1,-0.0030041,0.015962,-0.0059729,-0.0050417,0.019304,0.010025,-0.012065
V1_pop,0.0049683,-0.0030041,1,-0.12545,-0.00012358,-0.047488,-0.11809,0.14296,0.018684
V2_pop,-0.033294,0.015962,-0.12545,1,-0.012948,-0.19815,0.47476,-0.13219,-0.13508
omega_Cl,0.14568,-0.0059729,-0.00012358,-0.012948,1,-0.024191,0.013449,0.0048851,-0.015747
omega_V1,0.0011051,-0.0050417,-0.047488,-0.19815,-0.024191,1,-0.38898,-0.036175,-0.0024892
omega_Q,-0.023364,0.019304,-0.11809,0.47476,0.013449,-0.38898,1,-0.17652,-0.11322
omega_V2,-0.0035448,0.010025,0.14296,-0.13219,0.0048851,-0.036175,-0.17652,1,-0.00057966
a,0.018328,-0.012065,0.018684,-0.13508,-0.015747,-0.0024892,-0.11322,-0.00057966,1
