Cl_pop,1,-0.95255,0.013532,-0.038086,0.017104,0.0030696,-0.028881,0.010652,0.02202
beta_Cl_tSCRMGDL,-0.95255,1,-0.0081936,0.017171,-0.010698,-0.0055537,0.02194,-9.3816e-5,-0.011728
V1_pop,0.013532,-0.0081936,1,-0.20583,0.0085346,-0.0078075,-0.13719,0.16761,0.069809
V2_pop,-0.038086,0.017171,-0.20583,1,-0.033402,0.024661,0.29732,-0.30352,-0.16092
omega_Cl,0.017104,-0.010698,0.0085346,-0.033402,1,-0.013061,0.0039822,0.018465,-0.012003
omega_V1,0.0030696,-0.0055537,-0.0078075,0.024661,-0.013061,1,-0.15999,-0.069644,-0.050916
omega_Q,-0.028881,0.02194,-0.13719,0.29732,0.0039822,-0.15999,1,-0.068028,-0.12022
omega_V2,0.010652,-9.3816e-5,0.16761,-0.30352,0.018465,-0.069644,-0.068028,1,-0.066149
a,0.02202,-0.011728,0.069809,-0.16092,-0.012003,-0.050916,-0.12022,-0.066149,1
