Cl_pop,14.946,-0.66446,0.12739,-0.45377,0.002849,0.00099759,-0.031578,0.010533,0.01975
beta_Cl_tSCRMGDL,-0.66446,0.032556,-0.0036,0.0095482,-8.3165e-5,-8.4238e-5,0.0011196,-4.3298e-6,-0.00049095
V1_pop,0.12739,-0.0036,5.9294,-1.5446,0.00089541,-0.0015982,-0.094476,0.1044,0.039437
V2_pop,-0.45377,0.0095482,-1.5446,9.4974,-0.0044351,0.0063887,0.25913,-0.23925,-0.11505
omega_Cl,0.002849,-8.3165e-5,0.00089541,-0.0044351,0.0018563,-4.7307e-5,4.8524e-5,0.0002035,-0.00011998
omega_V1,0.00099759,-8.4238e-5,-0.0015982,0.0063887,-4.7307e-5,0.0070667,-0.0038037,-0.0014975,-0.00099301
omega_Q,-0.031578,0.0011196,-0.094476,0.25913,4.8524e-5,-0.0038037,0.079985,-0.0049211,-0.0078882
omega_V2,0.010533,-4.3298e-6,0.1044,-0.23925,0.0002035,-0.0014975,-0.0049211,0.065426,-0.0039254
a,0.01975,-0.00049095,0.039437,-0.11505,-0.00011998,-0.00099301,-0.0078882,-0.0039254,0.053823
