Cl_pop,16.454,-0.70834,0.12139,-0.47523,0.00018667,-0.0010337,-0.018152,0.00059742,0.010532
beta_Cl_tSCRMGDL,-0.70834,0.033531,-0.0016269,0.0067075,-3.5712e-7,4.3419e-5,0.00028672,0.00039975,-0.00030459
V1_pop,0.12139,-0.0016269,7.5032,-5.3701,-0.00077247,0.022523,-0.57733,0.19669,0.035295
V2_pop,-0.47523,0.0067075,-5.3701,22.148,9.5169e-5,-0.11063,1.1013,-0.47328,-0.041135
omega_Cl,0.00018667,-3.5712e-7,-0.00077247,9.5169e-5,0.0018545,-5.262e-5,0.00030894,-0.00020777,-0.00026192
omega_V1,-0.0010337,4.3419e-5,0.022523,-0.11063,-5.262e-5,0.008608,-0.016719,1.3549e-5,-0.0020577
omega_Q,-0.018152,0.00028672,-0.57733,1.1013,0.00030894,-0.016719,0.15522,-0.033386,0.0029692
omega_V2,0.00059742,0.00039975,0.19669,-0.47328,-0.00020777,1.3549e-5,-0.033386,0.062768,-0.0007302
a,0.010532,-0.00030459,0.035295,-0.041135,-0.00026192,-0.0020577,0.0029692,-0.0007302,0.04534
