Cl_pop,16.496,-0.70989,0.21785,-0.58043,0.0021825,0.0066767,-0.051992,-0.010133,0.0084896
beta_Cl_tSCRMGDL,-0.70989,0.03359,-0.0052541,0.010612,-8.937e-5,-0.00016338,0.0009968,0.00064514,-0.00019233
V1_pop,0.21785,-0.0052541,6.7397,-3.6027,-0.0014593,0.068231,-0.59235,0.036406,-0.0065918
V2_pop,-0.58043,0.010612,-3.6027,15.955,-0.0015224,-0.12609,1.0729,-0.074966,-0.003557
omega_Cl,0.0021825,-8.937e-5,-0.0014593,-0.0015224,0.001872,-0.00018321,0.00056047,7.9973e-5,-3.5059e-5
omega_V1,0.0066767,-0.00016338,0.068231,-0.12609,-0.00018321,0.011417,-0.031134,-0.0043769,-0.0023968
omega_Q,-0.051992,0.0009968,-0.59235,1.0729,0.00056047,-0.031134,0.26711,0.0053828,0.0099671
omega_V2,-0.010133,0.00064514,0.036406,-0.074966,7.9973e-5,-0.0043769,0.0053828,0.050927,-0.00070616
a,0.0084896,-0.00019233,-0.0065918,-0.003557,-3.5059e-5,-0.0023968,0.0099671,-0.00070616,0.039046
