Cl_pop,1,-0.95321,-0.00088407,-0.034168,0.0040904,0.0096253,-0.0082059,-0.024851,0.013809
beta_Cl_tSCRMGDL,-0.95321,1,0.0047324,0.0207,-5.2416e-5,-0.017023,0.014774,0.024119,-0.0077596
V1_pop,-0.00088407,0.0047324,1,0.010256,0.013002,-0.25509,0.13726,0.17868,0.066368
V2_pop,-0.034168,0.0207,0.010256,1,0.0031501,-0.46753,0.66955,-0.33991,0.28223
omega_Cl,0.0040904,-5.2416e-5,0.013002,0.0031501,1,-0.048464,0.057155,-0.022337,-0.025781
omega_V1,0.0096253,-0.017023,-0.25509,-0.46753,-0.048464,1,-0.68035,0.16821,-0.33273
omega_Q,-0.0082059,0.014774,0.13726,0.66955,0.057155,-0.68035,1,-0.42234,0.42485
omega_V2,-0.024851,0.024119,0.17868,-0.33991,-0.022337,0.16821,-0.42234,1,-0.41093
a,0.013809,-0.0077596,0.066368,0.28223,-0.025781,-0.33273,0.42485,-0.41093,1
