Cl_pop,17.016,-0.73011,-0.0087272,-0.73097,0.00077097,0.0045671,-0.028974,-0.042285,0.035304
beta_Cl_tSCRMGDL,-0.73011,0.034477,0.0021028,0.019934,-4.447e-7,-0.00036358,0.0023482,0.0018473,-0.00089296
V1_pop,-0.0087272,0.0021028,5.7268,0.12728,0.0014217,-0.070216,0.28116,0.17638,0.098433
V2_pop,-0.73097,0.019934,0.12728,26.897,0.00074647,-0.2789,2.9723,-0.72714,0.90714
omega_Cl,0.00077097,-4.447e-7,0.0014217,0.00074647,0.0020877,-0.00025471,0.0022354,-0.00042099,-0.00073007
omega_V1,0.0045671,-0.00036358,-0.070216,-0.2789,-0.00025471,0.013231,-0.066985,0.0079807,-0.02372
omega_Q,-0.028974,0.0023482,0.28116,2.9723,0.0022354,-0.066985,0.73268,-0.14912,0.22538
omega_V2,-0.042285,0.0018473,0.17638,-0.72714,-0.00042099,0.0079807,-0.14912,0.17015,-0.10505
a,0.035304,-0.00089296,0.098433,0.90714,-0.00073007,-0.02372,0.22538,-0.10505,0.38411
