Cl_pop,16.471,-0.70938,0.027933,-0.77529,0.0017855,0.003802,-0.040163,-0.010078,0.0051888
beta_Cl_tSCRMGDL,-0.70938,0.033593,0.0036882,-0.0030966,-5.6277e-5,0.00019642,-0.0013036,0.00047735,-0.00022984
V1_pop,0.027933,0.0036882,6.9642,-9.9351,-0.00036571,0.14135,-1.0857,0.054768,-0.038018
V2_pop,-0.77529,-0.0030966,-9.9351,79.91,-0.00021237,-0.84414,6.5621,0.32027,0.058593
omega_Cl,0.0017855,-5.6277e-5,-0.00036571,-0.00021237,0.0018464,-6.0387e-5,0.00041636,-6.515e-5,-0.00029487
omega_V1,0.003802,0.00019642,0.14135,-0.84414,-6.0387e-5,0.017402,-0.092439,-0.0013715,-0.0031062
omega_Q,-0.040163,-0.0013036,-1.0857,6.5621,0.00041636,-0.092439,0.75354,-0.0089832,0.01404
omega_V2,-0.010078,0.00047735,0.054768,0.32027,-6.515e-5,-0.0013715,-0.0089832,0.054337,-0.0057932
a,0.0051888,-0.00022984,-0.038018,0.058593,-0.00029487,-0.0031062,0.01404,-0.0057932,0.048294
