Cl_pop,1,-0.95405,-0.0014021,-0.006334,0.020837,-0.004648,0.0034073,-0.007499,0.0061189
beta_Cl_tSCRMGDL,-0.95405,1,0.0025206,-0.0036937,-0.018813,0.0021884,-0.0088162,0.012557,-0.0006189
V1_pop,-0.0014021,0.0025206,1,-0.14009,-0.001784,-0.094647,-0.11739,0.176,0.038394
V2_pop,-0.006334,-0.0036937,-0.14009,1,-0.015181,0.070154,0.41866,-0.39152,-0.19259
omega_Cl,0.020837,-0.018813,-0.001784,-0.015181,1,-0.0047731,5.3459e-5,0.0093232,0.0029686
omega_V1,-0.004648,0.0021884,-0.094647,0.070154,-0.0047731,1,0.012387,-0.078274,-0.084919
omega_Q,0.0034073,-0.0088162,-0.11739,0.41866,5.3459e-5,0.012387,1,-0.32723,-0.18421
omega_V2,-0.007499,0.012557,0.176,-0.39152,0.0093232,-0.078274,-0.32723,1,0.14189
a,0.0061189,-0.0006189,0.038394,-0.19259,0.0029686,-0.084919,-0.18421,0.14189,1
