Cl_pop,16.387,-0.70802,0.10681,0.028669,0,0,0,0,0
beta_Cl_tSCRMGDL,-0.70802,0.033571,-0.0029894,-0.0013887,0,0,0,0,0
V1_pop,0.10681,-0.0029894,4.5819,-0.86136,0,0,0,0,0
V2_pop,0.028669,-0.0013887,-0.86136,8.9297,0,0,0,0,0
omega_Cl,0,0,0,0,0.001831,2.9214e-6,2.1347e-5,4.0033e-6,-0.00025033
omega_V1,0,0,0,0,2.9214e-6,0.0050219,-0.0020054,-0.00034355,-0.00067096
omega_Q,0,0,0,0,2.1347e-5,-0.0020054,0.061111,-0.0015483,-0.004664
omega_V2,0,0,0,0,4.0033e-6,-0.00034355,-0.0015483,0.035486,-0.0036082
a,0,0,0,0,-0.00025033,-0.00067096,-0.004664,-0.0036082,0.048146
