Cl_pop,16.574,-0.71339,0.13885,-0.43567,0.0013273,0.0091728,-0.019645,-0.014456,0.014862
beta_Cl_tSCRMGDL,-0.71339,0.033764,-0.0028128,0.0051208,-5.1472e-5,-0.00033816,8.9047e-5,0.00089333,-0.00033145
V1_pop,0.13885,-0.0028128,7.3883,-4.2931,-0.0034036,0.11052,-0.58025,0.041897,-0.0060797
V2_pop,-0.43567,0.0051208,-4.2931,17.797,-0.00015284,-0.17315,1.0489,-0.087066,-0.053777
omega_Cl,0.0013273,-5.1472e-5,-0.0034036,-0.00015284,0.0018933,-0.0001794,0.00060108,9.3171e-5,-0.00024975
omega_V1,0.0091728,-0.00033816,0.11052,-0.17315,-0.0001794,0.014456,-0.031671,-0.0076692,-0.0018919
omega_Q,-0.019645,8.9047e-5,-0.58025,1.0489,0.00060108,-0.031671,0.20673,0.00096377,0.00054608
omega_V2,-0.014456,0.00089333,0.041897,-0.087066,9.3171e-5,-0.0076692,0.00096377,0.060419,-0.00045632
a,0.014862,-0.00033145,-0.0060797,-0.053777,-0.00024975,-0.0018919,0.00054608,-0.00045632,0.059128
