Cl_pop,1,-0.95382,0.014942,-0.036991,0.003818,-0.0080535,-0.027982,-0.0023052,0.021333
beta_Cl_tSCRMGDL,-0.95382,1,-0.010995,0.021683,-0.0059938,0.0041158,0.01928,0.0055894,-0.013866
V1_pop,0.014942,-0.010995,1,-0.13008,0.0067022,-0.22069,-0.11203,0.17174,0.08485
V2_pop,-0.036991,0.021683,-0.13008,1,-0.017683,0.058403,0.44476,-0.06199,-0.20931
omega_Cl,0.003818,-0.0059938,0.0067022,-0.017683,1,-0.021634,0.012188,-0.0016115,-0.016484
omega_V1,-0.0080535,0.0041158,-0.22069,0.058403,-0.021634,1,-0.0033757,-0.082885,-0.075917
omega_Q,-0.027982,0.01928,-0.11203,0.44476,0.012188,-0.0033757,1,-0.14945,-0.24157
omega_V2,-0.0023052,0.0055894,0.17174,-0.06199,-0.0016115,-0.082885,-0.14945,1,-0.0083191
a,0.021333,-0.013866,0.08485,-0.20931,-0.016484,-0.075917,-0.24157,-0.0083191,1
