Cl_pop,16.44,-0.70784,0.13684,-0.57471,0.00066352,-0.0021467,-0.050386,-0.0021397,0.017311
beta_Cl_tSCRMGDL,-0.70784,0.0335,-0.0045454,0.015207,-4.7021e-5,4.9524e-5,0.0015672,0.00023421,-0.00050793
V1_pop,0.13684,-0.0045454,5.1017,-1.1258,0.00064885,-0.03277,-0.11238,0.088802,0.038355
V2_pop,-0.57471,0.015207,-1.1258,14.683,-0.0029043,0.014712,0.75688,-0.05438,-0.16051
omega_Cl,0.00066352,-4.7021e-5,0.00064885,-0.0029043,0.0018371,-6.0961e-5,0.000232,-1.5813e-5,-0.0001414
omega_V1,-0.0021467,4.9524e-5,-0.03277,0.014712,-6.0961e-5,0.0043219,-9.8557e-5,-0.0012474,-0.00099885
omega_Q,-0.050386,0.0015672,-0.11238,0.75688,0.000232,-9.8557e-5,0.19723,-0.015194,-0.021471
omega_V2,-0.0021397,0.00023421,0.088802,-0.05438,-1.5813e-5,-0.0012474,-0.015194,0.05241,-0.00038116
a,0.017311,-0.00050793,0.038355,-0.16051,-0.0001414,-0.00099885,-0.021471,-0.00038116,0.040054
