Cl_pop,1,-0.78586,0.0086561,-0.030481,0.55752,-0.02219,0.014841,-0.0092567,0.040941
beta_Cl_tSCRMGDL,-0.78586,1,0.0059288,-0.00254,0.01018,0.0064243,-0.012353,0.01272,-0.012626
V1_pop,0.0086561,0.0059288,1,-0.307,0.019283,0.18329,-0.35938,0.20028,0.035202
V2_pop,-0.030481,-0.00254,-0.307,1,-0.038938,-0.26061,0.55884,-0.25199,-0.068111
omega_Cl,0.55752,0.01018,0.019283,-0.038938,1,-0.027188,0.0094851,-0.001422,0.029025
omega_V1,-0.02219,0.0064243,0.18329,-0.26061,-0.027188,1,-0.46968,0.041166,-0.091212
omega_Q,0.014841,-0.012353,-0.35938,0.55884,0.0094851,-0.46968,1,-0.31398,0.045973
omega_V2,-0.0092567,0.01272,0.20028,-0.25199,-0.001422,0.041166,-0.31398,1,-0.053184
a,0.040941,-0.012626,0.035202,-0.068111,0.029025,-0.091212,0.045973,-0.053184,1
