Cl_pop,1,-0.9532,0.032611,-0.045664,0.013461,0.037103,-0.036864,-0.019565,-0.026672
beta_Cl_tSCRMGDL,-0.9532,1,-0.027914,0.034052,-0.0077169,-0.033744,0.032808,0.024478,0.023972
V1_pop,0.032611,-0.027914,1,-0.77229,0.012924,0.7393,-0.78671,0.12384,-0.57862
V2_pop,-0.045664,0.034052,-0.77229,1,-0.031706,-0.9002,0.93744,-0.064461,0.69457
omega_Cl,0.013461,-0.0077169,0.012924,-0.031706,1,0.012146,-0.019416,-0.012682,-0.073606
omega_V1,0.037103,-0.033744,0.7393,-0.9002,0.012146,1,-0.9595,0.013104,-0.72703
omega_Q,-0.036864,0.032808,-0.78671,0.93744,-0.019416,-0.9595,1,-0.052124,0.74965
omega_V2,-0.019565,0.024478,0.12384,-0.064461,-0.012682,0.013104,-0.052124,1,-0.079743
a,-0.026672,0.023972,-0.57862,0.69457,-0.073606,-0.72703,0.74965,-0.079743,1
