Cl_pop,16.906,-0.72543,0.52508,-2.0507,0.00256,0.049134,-0.35051,-0.018641,-0.081159
beta_Cl_tSCRMGDL,-0.72543,0.03426,-0.020233,0.068838,-6.6066e-5,-0.0020117,0.014043,0.0010499,0.0032837
V1_pop,0.52508,-0.020233,15.335,-33.03,0.0023409,0.93243,-7.1241,0.11238,-1.6769
V2_pop,-2.0507,0.068838,-33.03,119.29,-0.016017,-3.1666,23.677,-0.16315,5.6141
omega_Cl,0.00256,-6.6066e-5,0.0023409,-0.016017,0.0021393,0.00018094,-0.0020767,-0.00013592,-0.0025195
omega_V1,0.049134,-0.0020117,0.93243,-3.1666,0.00018094,0.10373,-0.71464,0.00097805,-0.17329
omega_Q,-0.35051,0.014043,-7.1241,23.677,-0.0020767,-0.71464,5.3476,-0.027932,1.2829
omega_V2,-0.018641,0.0010499,0.11238,-0.16315,-0.00013592,0.00097805,-0.027932,0.053699,-0.013675
a,-0.081159,0.0032837,-1.6769,5.6141,-0.0025195,-0.17329,1.2829,-0.013675,0.54769
