Cl_pop,1,-0.95385,0.0001264,-0.018248,0.0096274,-0.004598,-0.0016887,-0.0044634,0.012891
beta_Cl_tSCRMGDL,-0.95385,1,0.004613,0.0036316,-0.0086386,0.0054865,-0.004855,0.0065318,-0.0083081
V1_pop,0.0001264,0.004613,1,-0.26878,-0.0057198,0.22405,-0.32143,0.083057,0.023061
V2_pop,-0.018248,0.0036316,-0.26878,1,-0.0068434,-0.16995,0.46634,-0.11032,-0.098018
omega_Cl,0.0096274,-0.0086386,-0.0057198,-0.0068434,1,-0.023393,0.013253,-0.0089293,-0.0050747
omega_V1,-0.004598,0.0054865,0.22405,-0.16995,-0.023393,1,-0.33274,-0.14425,0.0027659
omega_Q,-0.0016887,-0.004855,-0.32143,0.46634,0.013253,-0.33274,1,-0.065105,-0.092311
omega_V2,-0.0044634,0.0065318,0.083057,-0.11032,-0.0089293,-0.14425,-0.065105,1,-0.015487
a,0.012891,-0.0083081,0.023061,-0.098018,-0.0050747,0.0027659,-0.092311,-0.015487,1
