Cl_pop,1,-0.95315,nan,-0.09881,0.041132,0.099339,-0.092399,0.096311,-0.072267
beta_Cl_tSCRMGDL,-0.95315,1,nan,0.055992,-0.020909,-0.057305,0.053328,-0.054725,0.043484
V1_pop,nan,nan,nan,nan,nan,nan,nan,nan,nan
V2_pop,-0.09881,0.055992,nan,1,-0.060029,-0.96394,0.92229,-0.98079,0.71549
omega_Cl,0.041132,-0.020909,nan,-0.060029,1,0.062221,-0.055431,0.058312,-0.065475
omega_V1,0.099339,-0.057305,nan,-0.96394,0.062221,1,-0.93358,0.96171,-0.74617
omega_Q,-0.092399,0.053328,nan,0.92229,-0.055431,-0.93358,1,-0.91928,0.68888
omega_V2,0.096311,-0.054725,nan,-0.98079,0.058312,0.96171,-0.91928,1,-0.71868
a,-0.072267,0.043484,nan,0.71549,-0.065475,-0.74617,0.68888,-0.71868,1
