Cl_pop,1,-0.95377,0.0058626,-0.021059,0.0095418,-0.011674,-0.0091697,0.012532,0.005843
beta_Cl_tSCRMGDL,-0.95377,1,-0.0017555,0.0059312,-0.0096776,0.011234,0.00099553,-0.0051295,-0.0013546
V1_pop,0.0058626,-0.0017555,1,-0.17401,0.0037224,0.04387,-0.08211,0.17076,-0.021
V2_pop,-0.021059,0.0059312,-0.17401,1,-0.0023368,-0.19025,0.54807,-0.21525,-0.12429
omega_Cl,0.0095418,-0.0096776,0.0037224,-0.0023368,1,-0.022267,0.019125,0.0025686,-0.021986
omega_V1,-0.011674,0.011234,0.04387,-0.19025,-0.022267,1,-0.42897,-0.13112,0.011731
omega_Q,-0.0091697,0.00099553,-0.08211,0.54807,0.019125,-0.42897,1,-0.15046,-0.11442
omega_V2,0.012532,-0.0051295,0.17076,-0.21525,0.0025686,-0.13112,-0.15046,1,-0.008279
a,0.005843,-0.0013546,-0.021,-0.12429,-0.021986,0.011731,-0.11442,-0.008279,1
