Cl_pop,16.438,-0.70801,0.055751,-0.34807,0.0016491,-0.0045556,-0.020898,0.01151,0.004764
beta_Cl_tSCRMGDL,-0.70801,0.033522,-0.00075389,0.004427,-7.5531e-5,0.00019797,0.00010246,-0.00021274,-4.9875e-5
V1_pop,0.055751,-0.00075389,5.5013,-1.6638,0.00037217,0.0099038,-0.10826,0.090729,-0.0099053
V2_pop,-0.34807,0.004427,-1.6638,16.619,-0.00040609,-0.074653,1.2559,-0.19878,-0.10189
omega_Cl,0.0016491,-7.5531e-5,0.00037217,-0.00040609,0.0018171,-9.1359e-5,0.00045826,2.4803e-5,-0.00018847
omega_V1,-0.0045556,0.00019797,0.0099038,-0.074653,-9.1359e-5,0.0092643,-0.023209,-0.0028589,0.00022707
omega_Q,-0.020898,0.00010246,-0.10826,1.2559,0.00045826,-0.023209,0.31597,-0.019158,-0.012934
omega_V2,0.01151,-0.00021274,0.090729,-0.19878,2.4803e-5,-0.0028589,-0.019158,0.051313,-0.00037714
a,0.004764,-4.9875e-5,-0.0099053,-0.10189,-0.00018847,0.00022707,-0.012934,-0.00037714,0.04044
