Cl_pop,31.263,-0.86974,0.15654,-1.0299,0.1321,0.0004927,-0.059502,-0.0014475,0.050451
beta_Cl_tSCRMGDL,-0.86974,0.033549,-0.0015735,0.0095054,0.00018952,1.9521e-5,0.00050333,0.00038564,-0.00086843
V1_pop,0.15654,-0.0015735,5.283,-2.7206,0.00031295,0.027628,-0.37143,0.0865,0.055579
V2_pop,-1.0299,0.0095054,-2.7206,20.055,-0.00473,-0.13178,1.6045,-0.16877,-0.23939
omega_Cl,0.1321,0.00018952,0.00031295,-0.00473,0.0029282,-4.5278e-5,0.0001132,-1.9121e-5,0.00011134
omega_V1,0.0004927,1.9521e-5,0.027628,-0.13178,-4.5278e-5,0.0076343,-0.023914,0.0001057,0.0011878
omega_Q,-0.059502,0.00050333,-0.37143,1.6045,0.0001132,-0.023914,0.31893,-0.029379,-0.026618
omega_V2,-0.0014475,0.00038564,0.0865,-0.16877,-1.9121e-5,0.0001057,-0.029379,0.048675,0.0027271
a,0.050451,-0.00086843,0.055579,-0.23939,0.00011134,0.0011878,-0.026618,0.0027271,0.046554
