Cl_pop,1,-0.95375,0.0057395,-0.022049,0.018652,-0.0054316,-0.0037549,-0.0035917,0.0015138
beta_Cl_tSCRMGDL,-0.95375,1,-0.0026125,0.0084197,-0.015902,0.0052056,-0.00066086,0.0056048,0.0020462
V1_pop,0.0057395,-0.0026125,1,-0.18171,0.0032396,0.015651,-0.17969,0.1765,0.0036282
V2_pop,-0.022049,0.0084197,-0.18171,1,-0.016468,-0.094286,0.29691,-0.12684,-0.053788
omega_Cl,0.018652,-0.015902,0.0032396,-0.016468,1,-0.018003,0.014414,-0.0043066,-0.015733
omega_V1,-0.0054316,0.0052056,0.015651,-0.094286,-0.018003,1,-0.34217,-0.11283,-0.040798
omega_Q,-0.0037549,-0.00066086,-0.17969,0.29691,0.014414,-0.34217,1,-0.049365,-0.028637
omega_V2,-0.0035917,0.0056048,0.1765,-0.12684,-0.0043066,-0.11283,-0.049365,1,-0.045127
a,0.0015138,0.0020462,0.0036282,-0.053788,-0.015733,-0.040798,-0.028637,-0.045127,1
