Cl_pop,1,-0.95362,-0.00038633,-0.019605,0.01552,-0.012637,-0.0071089,0.00017158,0.01321
beta_Cl_tSCRMGDL,-0.95362,1,0.0047322,-0.0014457,-0.014284,0.018539,-0.010133,0.007647,-0.0051265
V1_pop,-0.00038633,0.0047322,1,-0.19603,-0.0015852,0.19242,-0.15285,0.12972,0.02721
V2_pop,-0.019605,-0.0014457,-0.19603,1,-0.0046113,-0.31569,0.59146,-0.20049,-0.18274
omega_Cl,0.01552,-0.014284,-0.0015852,-0.0046113,1,-0.019419,0.012832,0.0013653,-0.028923
omega_V1,-0.012637,0.018539,0.19242,-0.31569,-0.019419,1,-0.52713,-0.047535,0.0079902
omega_Q,-0.0071089,-0.010133,-0.15285,0.59146,0.012832,-0.52713,1,-0.18884,-0.16498
omega_V2,0.00017158,0.007647,0.12972,-0.20049,0.0013653,-0.047535,-0.18884,1,0.025968
a,0.01321,-0.0051265,0.02721,-0.18274,-0.028923,0.0079902,-0.16498,0.025968,1
