Cl_pop,16.6,-0.71424,-0.0065256,-0.35052,0.0015822,-0.0054476,-0.0065681,0.0058213,0.017
beta_Cl_tSCRMGDL,-0.71424,0.033794,0.001459,0.0047132,-5.2655e-5,0.00022994,-4.5564e-5,-0.0001227,-0.00043547
V1_pop,-0.0065256,0.001459,5.7949,-2.8015,-0.0011491,0.052047,-0.44436,0.088239,0.010276
V2_pop,-0.35052,0.0047132,-2.8015,16.454,-0.0018732,-0.12354,1.1005,-0.13765,-0.050177
omega_Cl,0.0015822,-5.2655e-5,-0.0011491,-0.0018732,0.0019287,-4.3674e-5,0.00052498,-0.00018324,-0.00051232
omega_V1,-0.0054476,0.00022994,0.052047,-0.12354,-4.3674e-5,0.011053,-0.030759,-0.002761,-0.0017245
omega_Q,-0.0065681,-4.5564e-5,-0.44436,1.1005,0.00052498,-0.030759,0.27405,-0.016152,0.00026754
omega_V2,0.0058213,-0.0001227,0.088239,-0.13765,-0.00018324,-0.002761,-0.016152,0.056963,-0.0040317
a,0.017,-0.00043547,0.010276,-0.050177,-0.00051232,-0.0017245,0.00026754,-0.0040317,0.083104
