Cl_pop,1,-0.95374,0.0058467,-0.023174,0.0070135,0.012794,-0.018127,0.0015369,0.0083886
beta_Cl_tSCRMGDL,-0.95374,1,-0.00037651,0.0087234,-0.0087714,-0.014917,0.013453,0.0036348,-0.0028568
V1_pop,0.0058467,-0.00037651,1,-0.40788,-0.017876,-0.11528,-0.43148,0.33214,-0.011627
V2_pop,-0.023174,0.0087234,-0.40788,1,0.0007887,0.014797,0.51308,-0.30786,-0.092463
omega_Cl,0.0070135,-0.0087714,-0.017876,0.0007887,1,-0.016528,0.032092,0.0033346,-0.026568
omega_V1,0.012794,-0.014917,-0.11528,0.014797,-0.016528,1,-0.1815,-0.26949,0.058831
omega_Q,-0.018127,0.013453,-0.43148,0.51308,0.032092,-0.1815,1,-0.21919,-0.074348
omega_V2,0.0015369,0.0036348,0.33214,-0.30786,0.0033346,-0.26949,-0.21919,1,-0.061455
a,0.0083886,-0.0028568,-0.011627,-0.092463,-0.026568,0.058831,-0.074348,-0.061455,1
