Cl_pop,16.505,-0.71113,-0.14063,0.22862,0.0033076,-0.016302,0.091306,-0.025015,0.030039
beta_Cl_tSCRMGDL,-0.71113,0.03367,0.0076032,-0.020078,-8.6663e-5,0.00064454,-0.0040429,0.0013115,-0.0012752
V1_pop,-0.14063,0.0076032,6.4986,-4.3471,-0.0032289,0.074105,-0.53837,0.17127,-0.071695
V2_pop,0.22862,-0.020078,-4.3471,65.147,0.0051959,-0.57155,3.2697,0.55774,0.65929
omega_Cl,0.0033076,-8.6663e-5,-0.0032289,0.0051959,0.0018512,-0.00018453,0.001203,-0.00026805,-6.7744e-6
omega_V1,-0.016302,0.00064454,0.074105,-0.57155,-0.00018453,0.017976,-0.06035,-0.001985,-0.015319
omega_Q,0.091306,-0.0040429,-0.53837,3.2697,0.001203,-0.06035,0.37907,-0.027132,0.073497
omega_V2,-0.025015,0.0013115,0.17127,0.55774,-0.00026805,-0.001985,-0.027132,0.083125,-0.0054933
a,0.030039,-0.0012752,-0.071695,0.65929,-6.7744e-6,-0.015319,0.073497,-0.0054933,0.063046
