Cl_pop,15.789,-0.53542,-0.12172,0.047608,-0.17908,-0.0041508,0.0037729,0.0039713,0.023445
beta_Cl_tSCRMGDL,-0.53542,0.033568,0.011596,-0.014664,-0.00060213,0.00051165,-0.0030456,0.00044349,0.00046612
V1_pop,-0.12172,0.011596,6.3642,-3.888,-0.0016314,0.063526,-0.48925,0.10603,0.055059
V2_pop,0.047608,-0.014664,-3.888,18.797,0.0018858,-0.099656,1.0632,-0.30093,-0.16826
omega_Cl,-0.17908,-0.00060213,-0.0016314,0.0018858,0.0056256,-0.00014831,0.0013942,-0.00020433,-0.001008
omega_V1,-0.0041508,0.00051165,0.063526,-0.099656,-0.00014831,0.008646,-0.018501,-0.00085218,-0.00020608
omega_Q,0.0037729,-0.0030456,-0.48925,1.0632,0.0013942,-0.018501,0.20253,-0.015479,-0.018549
omega_V2,0.0039713,0.00044349,0.10603,-0.30093,-0.00020433,-0.00085218,-0.015479,0.05329,0.0030492
a,0.023445,0.00046612,0.055059,-0.16826,-0.001008,-0.00020608,-0.018549,0.0030492,0.041937
