Cl_pop,1,-0.91352,0.0023882,-0.016281,-0.011694,-0.0031395,-0.0069492,-0.0023415,0.011994
beta_Cl_tSCRMGDL,-0.91352,1,-0.00068682,0.0020328,0.2992,-0.0016801,0.0058867,0.0045654,-0.0072673
V1_pop,0.0023882,-0.00068682,1,-0.2358,-0.0051901,0.14903,-0.28437,0.096847,0.053886
V2_pop,-0.016281,0.0020328,-0.2358,1,-0.0066838,-0.21446,0.48257,-0.092819,-0.12034
omega_Cl,-0.011694,0.2992,-0.0051901,-0.0066838,1,-0.015945,0.011207,-0.0034527,-0.011066
omega_V1,-0.0031395,-0.0016801,0.14903,-0.21446,-0.015945,1,-0.39263,-0.058179,0.0065504
omega_Q,-0.0069492,0.0058867,-0.28437,0.48257,0.011207,-0.39263,1,-0.10336,-0.12497
omega_V2,-0.0023415,0.0045654,0.096847,-0.092819,-0.0034527,-0.058179,-0.10336,1,-0.0098023
a,0.011994,-0.0072673,0.053886,-0.12034,-0.011066,0.0065504,-0.12497,-0.0098023,1
