Cl_pop,1,-0.95376,0.0095402,-0.021299,0.007914,-0.00095961,-0.011134,-0.001943,0.0072248
beta_Cl_tSCRMGDL,-0.95376,1,-0.0080167,0.0093404,-0.0077019,-0.0010864,0.0086594,0.0035605,-0.0046181
V1_pop,0.0095402,-0.0080167,1,-0.16725,-0.007278,-0.041134,-0.1667,0.16236,0.031424
V2_pop,-0.021299,0.0093404,-0.16725,1,-0.0066953,-0.062747,0.35362,-0.067203,-0.022928
omega_Cl,0.007914,-0.0077019,-0.007278,-0.0066953,1,-0.020909,0.02725,-0.0063141,-0.0069449
omega_V1,-0.00095961,-0.0010864,-0.041134,-0.062747,-0.020909,1,-0.24152,-0.15113,-0.1054
omega_Q,-0.011134,0.0086594,-0.1667,0.35362,0.02725,-0.24152,1,-0.082857,0.071747
omega_V2,-0.001943,0.0035605,0.16236,-0.067203,-0.0063141,-0.15113,-0.082857,1,-0.062999
a,0.0072248,-0.0046181,0.031424,-0.022928,-0.0069449,-0.1054,0.071747,-0.062999,1
