Cl_pop,16.403,-0.70666,0.089786,-0.30382,0.0013705,-0.00031275,-0.016901,-0.0016849,0.0060222
beta_Cl_tSCRMGDL,-0.70666,0.033466,-0.0034079,0.0060181,-6.0245e-5,-1.5993e-5,0.00059372,0.00013946,-0.00017387
V1_pop,0.089786,-0.0034079,5.3997,-1.3688,-0.00072313,-0.0076917,-0.14519,0.080781,0.015028
V2_pop,-0.30382,0.0060181,-1.3688,12.404,-0.0010083,-0.017783,0.46678,-0.050679,-0.01662
omega_Cl,0.0013705,-6.0245e-5,-0.00072313,-0.0010083,0.0018283,-7.1942e-5,0.0004367,-5.7808e-5,-6.1115e-5
omega_V1,-0.00031275,-1.5993e-5,-0.0076917,-0.017783,-7.1942e-5,0.0064755,-0.0072843,-0.0026039,-0.0017455
omega_Q,-0.016901,0.00059372,-0.14519,0.46678,0.0004367,-0.0072843,0.14047,-0.0066492,0.0055342
omega_V2,-0.0016849,0.00013946,0.080781,-0.050679,-5.7808e-5,-0.0026039,-0.0066492,0.045846,-0.0027762
a,0.0060222,-0.00017387,0.015028,-0.01662,-6.1115e-5,-0.0017455,0.0055342,-0.0027762,0.042357
