Cl_pop,1,-0.95185,0.024411,-0.03755,0.0023192,0.009452,-0.030407,0.023594,0.0074744
beta_Cl_tSCRMGDL,-0.95185,1,-0.022946,0.025428,0.06285,-0.010687,0.029998,-0.016988,-0.0053516
V1_pop,0.024411,-0.022946,1,-0.34795,-0.019825,0.020599,-0.39224,0.36255,0.063906
V2_pop,-0.03755,0.025428,-0.34795,1,0.007316,-0.068592,0.5522,-0.45695,-0.10415
omega_Cl,0.0023192,0.06285,-0.019825,0.007316,1,-0.01666,0.037692,-0.0060465,-0.035068
omega_V1,0.009452,-0.010687,0.020599,-0.068592,-0.01666,1,-0.17088,-0.016526,-0.0068472
omega_Q,-0.030407,0.029998,-0.39224,0.5522,0.037692,-0.17088,1,-0.43342,-0.10067
omega_V2,0.023594,-0.016988,0.36255,-0.45695,-0.0060465,-0.016526,-0.43342,1,0.027088
a,0.0074744,-0.0053516,0.063906,-0.10415,-0.035068,-0.0068472,-0.10067,0.027088,1
