Cl_pop,nan,nan,nan,nan,nan,nan,nan,nan,nan
beta_Cl_tSCRMGDL,nan,nan,nan,nan,nan,nan,nan,nan,nan
V1_pop,nan,nan,6.0994,-2.2593,3.7351e-5,0.027764,-0.26775,0.081611,0.039876
V2_pop,nan,nan,-2.2593,13.784,-0.0015666,-0.022711,0.40593,-0.18335,-0.090511
omega_Cl,nan,nan,3.7351e-5,-0.0015666,0.00012908,-4.9343e-6,3.5441e-5,-1.8306e-5,-0.00026306
omega_V1,nan,nan,0.027764,-0.022711,-4.9343e-6,0.0074746,-0.0092885,-0.0033919,-0.00055488
omega_Q,nan,nan,-0.26775,0.40593,3.5441e-5,-0.0092885,0.11289,-0.00098611,-0.0088988
omega_V2,nan,nan,0.081611,-0.18335,-1.8306e-5,-0.0033919,-0.00098611,0.057827,0.0020319
a,nan,nan,0.039876,-0.090511,-0.00026306,-0.00055488,-0.0088988,0.0020319,0.046748
