Cl_pop,16.36,-0.70616,0.11094,0.013196,0,0,0,0,0
beta_Cl_tSCRMGDL,-0.70616,0.033451,-0.0030311,-0.0010785,0,0,0,0,0
V1_pop,0.11094,-0.0030311,4.8541,-0.87747,0,0,0,0,0
V2_pop,0.013196,-0.0010785,-0.87747,8.3518,0,0,0,0,0
omega_Cl,0,0,0,0,0.0018247,2.5274e-6,2.2817e-5,6.3107e-7,-0.00025596
omega_V1,0,0,0,0,2.5274e-6,0.005242,-0.0019563,-0.00035185,-0.0006442
omega_Q,0,0,0,0,2.2817e-5,-0.0019563,0.06076,-0.0016638,-0.0048195
omega_V2,0,0,0,0,6.3107e-7,-0.00035185,-0.0016638,0.032861,-0.0038001
a,0,0,0,0,-0.00025596,-0.0006442,-0.0048195,-0.0038001,0.048445
