Cl_pop,1,-0.95347,0.016899,-0.049146,0.011575,0.019004,-0.034231,0.019945,0.029716
beta_Cl_tSCRMGDL,-0.95347,1,-0.0069553,0.021685,-0.0084091,-0.015024,0.015983,-0.00041435,-0.016301
V1_pop,0.016899,-0.0069553,1,-0.26918,0.013068,0.11006,-0.12695,0.26885,0.090803
V2_pop,-0.049146,0.021685,-0.26918,1,-0.03954,-0.29288,0.6028,-0.37929,-0.2955
omega_Cl,0.011575,-0.0084091,0.013068,-0.03954,1,-0.020184,-0.019188,0.055312,-0.013883
omega_V1,0.019004,-0.015024,0.11006,-0.29288,-0.020184,1,-0.48193,-0.063223,0.15252
omega_Q,-0.034231,0.015983,-0.12695,0.6028,-0.019188,-0.48193,1,-0.28174,-0.29419
omega_V2,0.019945,-0.00041435,0.26885,-0.37929,0.055312,-0.063223,-0.28174,1,0.12022
a,0.029716,-0.016301,0.090803,-0.2955,-0.013883,0.15252,-0.29419,0.12022,1
