Cl_pop,1,-0.87269,-0.0040498,-0.022183,0.40188,-0.0080636,0.001904,-0.0065245,0.0070266
beta_Cl_tSCRMGDL,-0.87269,1,0.0035754,0.0056269,0.0010853,0.0015943,0.0020639,0.0069844,-0.0043068
V1_pop,-0.0040498,0.0035754,1,-0.16101,-0.0091558,0.0086086,-0.15907,0.11298,0.056464
V2_pop,-0.022183,0.0056269,-0.16101,1,-0.0067079,-0.16743,0.54316,-0.079424,-0.19425
omega_Cl,0.40188,0.0010853,-0.0091558,-0.0067079,1,-0.01709,0.025024,-0.010676,-0.0214
omega_V1,-0.0080636,0.0015943,0.0086086,-0.16743,-0.01709,1,-0.30865,-0.092779,0.011263
omega_Q,0.001904,0.0020639,-0.15907,0.54316,0.025024,-0.30865,1,-0.15773,-0.17459
omega_V2,-0.0065245,0.0069844,0.11298,-0.079424,-0.010676,-0.092779,-0.15773,1,0.026497
a,0.0070266,-0.0043068,0.056464,-0.19425,-0.0214,0.011263,-0.17459,0.026497,1
