Cl_pop,16.423,-0.7071,0.026222,-0.3033,0.00040452,0.00033058,-0.0099137,-0.0015931,0.0084266
beta_Cl_tSCRMGDL,-0.7071,0.034492,-0.00049848,0.0018457,0.0014033,-5.0651e-5,0.00018805,0.00036496,-0.00030878
V1_pop,0.026222,-0.00049848,4.5425,-0.6377,0.0005139,-0.013385,-0.018343,0.051797,0.0097197
V2_pop,-0.3033,0.0018457,-0.6377,13.272,-0.004375,-0.016242,0.5063,-0.096683,-0.059708
omega_Cl,0.00040452,0.0014033,0.0005139,-0.004375,0.0019877,-5.2876e-6,-9.8153e-5,2.2913e-5,-0.00016974
omega_V1,0.00033058,-5.0651e-5,-0.013385,-0.016242,-5.2876e-6,0.0052739,-0.0048072,-0.0011256,-0.00078838
omega_Q,-0.0099137,0.00018805,-0.018343,0.5063,-9.8153e-5,-0.0048072,0.14061,-0.016146,-0.0012402
omega_V2,-0.0015931,0.00036496,0.051797,-0.096683,2.2913e-5,-0.0011256,-0.016146,0.047798,0.00051761
a,0.0084266,-0.00030878,0.0097197,-0.059708,-0.00016974,-0.00078838,-0.0012402,0.00051761,0.038304
