Cl_pop,16.459,-0.70878,0.03415,-0.46875,-0.00040882,0.0010076,-0.013661,-0.0098424,0.013798
beta_Cl_tSCRMGDL,-0.70878,0.033549,-0.0015812,0.0070101,1.2664e-5,-4.4559e-5,-0.000165,0.00075486,-0.00035837
V1_pop,0.03415,-0.0015812,8.848,-1.224,-0.0015332,0.1107,-0.1325,0.035268,0.067658
V2_pop,-0.46875,0.0070101,-1.224,19.317,-0.00015296,-0.031835,1.2073,-0.23612,-0.21795
omega_Cl,-0.00040882,1.2664e-5,-0.0015332,-0.00015296,0.0018192,-2.3471e-5,0.00027282,-0.0001226,-0.00028069
omega_V1,0.0010076,-4.4559e-5,0.1107,-0.031835,-2.3471e-5,0.0048655,-0.0069403,-0.0014223,0.0004074
omega_Q,-0.013661,-0.000165,-0.1325,1.2073,0.00027282,-0.0069403,0.25189,-0.035995,-0.021924
omega_V2,-0.0098424,0.00075486,0.035268,-0.23612,-0.0001226,-0.0014223,-0.035995,0.064438,0.0068352
a,0.013798,-0.00035837,0.067658,-0.21795,-0.00028069,0.0004074,-0.021924,0.0068352,0.046445
