Cl_pop,1,-0.95362,0.011795,-0.032208,-0.0029995,0.0099458,-0.019338,-0.00073646,0.015661
beta_Cl_tSCRMGDL,-0.95362,1,-0.0044557,0.013177,0.0026948,-0.0057262,0.0086134,0.0051076,-0.0080738
V1_pop,0.011795,-0.0044557,1,-0.38746,-0.0068522,0.23203,-0.44108,0.16257,0.049542
V2_pop,-0.032208,0.013177,-0.38746,1,-0.011912,-0.26805,0.552,-0.16888,-0.12655
omega_Cl,-0.0029995,0.0026948,-0.0068522,-0.011912,1,-0.02246,0.016627,0.0024743,-0.033215
omega_V1,0.0099458,-0.0057262,0.23203,-0.26805,-0.02246,1,-0.43767,-0.20723,0.025279
omega_Q,-0.019338,0.0086134,-0.44108,0.552,0.016627,-0.43767,1,-0.10783,-0.081244
omega_V2,-0.00073646,0.0051076,0.16257,-0.16888,0.0024743,-0.20723,-0.10783,1,-0.0022126
a,0.015661,-0.0080738,0.049542,-0.12655,-0.033215,0.025279,-0.081244,-0.0022126,1
