Cl_pop,16.59,-0.71391,0.12857,-0.5773,-0.00053732,0.0038725,-0.032738,-0.00075776,0.017015
beta_Cl_tSCRMGDL,-0.71391,0.033783,-0.0021916,0.010658,2.1784e-5,-0.00010061,0.00065802,0.00023715,-0.00039583
V1_pop,0.12857,-0.0021916,7.1612,-4.563,-0.00080646,0.059357,-0.4906,0.1099,0.035363
V2_pop,-0.5773,0.010658,-4.563,19.367,-0.0023056,-0.11277,1.0097,-0.18774,-0.14856
omega_Cl,-0.00053732,2.1784e-5,-0.00080646,-0.0023056,0.0019343,-9.4431e-5,0.00030394,2.7491e-5,-0.00038965
omega_V1,0.0038725,-0.00010061,0.059357,-0.11277,-9.4431e-5,0.0091386,-0.01739,-0.0050044,0.00064459
omega_Q,-0.032738,0.00065802,-0.4906,1.0097,0.00030394,-0.01739,0.17275,-0.011322,-0.0090072
omega_V2,-0.00075776,0.00023715,0.1099,-0.18774,2.7491e-5,-0.0050044,-0.011322,0.063816,-0.00014909
a,0.017015,-0.00039583,0.035363,-0.14856,-0.00038965,0.00064459,-0.0090072,-0.00014909,0.071149
