Cl_pop,16.507,-0.7146,-0.86577,1.6758,0.0018029,-0.05122,0.29603,-0.017974,-0.0030502
beta_Cl_tSCRMGDL,-0.7146,0.035534,0.059479,-0.12676,-0.0018908,0.0034129,-0.020551,0.001547,0.00036252
V1_pop,-0.86577,0.059479,13.5,-20.269,-0.0012941,0.46778,-3.0366,0.27839,0.039854
V2_pop,1.6758,-0.12676,-20.269,56.749,0.0004457,-1.0494,7.0556,-0.6506,-0.10794
omega_Cl,0.0018029,-0.0018908,-0.0012941,0.0004457,0.0021544,-0.00015728,0.00065887,-2.6373e-5,-0.0002156
omega_V1,-0.05122,0.0034129,0.46778,-1.0494,-0.00015728,0.032844,-0.16287,0.0095638,0.00052374
omega_Q,0.29603,-0.020551,-3.0366,7.0556,0.00065887,-0.16287,1.1165,-0.089544,-0.01219
omega_V2,-0.017974,0.001547,0.27839,-0.6506,-2.6373e-5,0.0095638,-0.089544,0.050878,0.0011175
a,-0.0030502,0.00036252,0.039854,-0.10794,-0.0002156,0.00052374,-0.01219,0.0011175,0.038833
