Cl_pop,16.45,-0.71148,-0.087741,-0.092984,0.0033482,-0.004301,0.023328,-0.002995,-0.0050364
beta_Cl_tSCRMGDL,-0.71148,0.034972,0.0098916,-0.013302,-0.001734,0.00029081,-0.0026769,0.00092008,0.00066898
V1_pop,-0.087741,0.0098916,6.7601,-4.7111,-0.0025047,0.024136,-0.54844,0.27838,0.059672
V2_pop,-0.092984,-0.013302,-4.7111,20.657,0.0023824,-0.047262,1.2557,-0.63876,-0.17963
omega_Cl,0.0033482,-0.001734,-0.0025047,0.0023824,0.0021607,-5.8597e-5,0.00080962,-0.00014657,-0.00035059
omega_V1,-0.004301,0.00029081,0.024136,-0.047262,-5.8597e-5,0.0065317,-0.010732,-0.00054398,0.00053296
omega_Q,0.023328,-0.0026769,-0.54844,1.2557,0.00080962,-0.010732,0.22068,-0.05633,-0.018877
omega_V2,-0.002995,0.00092008,0.27838,-0.63876,-0.00014657,-0.00054398,-0.05633,0.087067,0.0061643
a,-0.0050364,0.00066898,0.059672,-0.17963,-0.00035059,0.00053296,-0.018877,0.0061643,0.04069
