Cl_pop,1,-0.95376,0.018159,-0.035513,0.013806,-0.0091417,-0.024945,0.020823,0.014731
beta_Cl_tSCRMGDL,-0.95376,1,-0.0089022,0.015135,-0.012857,-0.00068104,0.012287,-0.0051032,-0.0071474
V1_pop,0.018159,-0.0089022,1,-0.43648,-0.00080824,-0.29239,-0.40723,0.48553,0.1274
V2_pop,-0.035513,0.015135,-0.43648,1,-0.015989,0.27988,0.63181,-0.6546,-0.22735
omega_Cl,0.013806,-0.012857,-0.00080824,-0.015989,1,-0.015248,0.0021677,0.01377,-0.019496
omega_V1,-0.0091417,-0.00068104,-0.29239,0.27988,-0.015248,1,0.20022,-0.33486,-0.11794
omega_Q,-0.024945,0.012287,-0.40723,0.63181,0.0021677,0.20022,1,-0.58857,-0.20207
omega_V2,0.020823,-0.0051032,0.48553,-0.6546,0.01377,-0.33486,-0.58857,1,0.17504
a,0.014731,-0.0071474,0.1274,-0.22735,-0.019496,-0.11794,-0.20207,0.17504,1
