Cl_pop,1,-0.9537,0.0065009,-0.024352,0.017938,-0.0067868,-0.0095648,0.0044265,0.007153
beta_Cl_tSCRMGDL,-0.9537,1,-0.00018055,0.0060461,-0.014334,0.0059696,0.00039779,0.0086192,-0.001128
V1_pop,0.0065009,-0.00018055,1,-0.22268,0.0040949,0.046587,-0.25123,0.23396,0.077356
V2_pop,-0.024352,0.0060461,-0.22268,1,-0.017591,-0.09328,0.45788,-0.26411,-0.15619
omega_Cl,0.017938,-0.014334,0.0040949,-0.017591,1,-0.0080334,0.0021218,0.017682,-0.020891
omega_V1,-0.0067868,0.0059696,0.046587,-0.09328,-0.0080334,1,-0.20907,-0.0094084,-0.036681
omega_Q,-0.0095648,0.00039779,-0.25123,0.45788,0.0021218,-0.20907,1,-0.35903,-0.13146
omega_V2,0.0044265,0.0086192,0.23396,-0.26411,0.017682,-0.0094084,-0.35903,1,0.13395
a,0.007153,-0.001128,0.077356,-0.15619,-0.020891,-0.036681,-0.13146,0.13395,1
