Cl_pop,16.435,-0.70812,0.060475,-0.42386,0.0031456,-0.00207,-0.013948,0.0047355,0.0059589
beta_Cl_tSCRMGDL,-0.70812,0.033544,-7.5881e-5,0.0047543,-0.00011356,8.2257e-5,2.6207e-5,0.00041658,-4.2452e-5
V1_pop,0.060475,-7.5881e-5,5.2654,-2.1938,0.00040644,0.0080428,-0.20737,0.14167,0.036476
V2_pop,-0.42386,0.0047543,-2.1938,18.433,-0.0032669,-0.030131,0.70714,-0.29923,-0.1378
omega_Cl,0.0031456,-0.00011356,0.00040644,-0.0032669,0.001871,-2.6143e-5,3.3013e-5,0.00020183,-0.00018569
omega_V1,-0.00207,8.2257e-5,0.0080428,-0.030131,-2.6143e-5,0.0056603,-0.0056579,-0.00018679,-0.00056711
omega_Q,-0.013948,2.6207e-5,-0.20737,0.70714,3.3013e-5,-0.0056579,0.12939,-0.03408,-0.0097172
omega_V2,0.0047355,0.00041658,0.14167,-0.29923,0.00020183,-0.00018679,-0.03408,0.069638,0.007264
a,0.0059589,-4.2452e-5,0.036476,-0.1378,-0.00018569,-0.00056711,-0.0097172,0.007264,0.042228
