Cl_pop,1,-0.95373,0.0044276,-0.022371,0.016767,0.00032566,-0.0092245,-0.0067344,0.012789
beta_Cl_tSCRMGDL,-0.95373,1,0.0042927,0.0013208,-0.011962,0.011893,-0.0074234,0.0051394,-0.010031
V1_pop,0.0044276,0.0042927,1,-0.40452,-0.019036,0.47022,-0.51629,0.043582,0.039666
V2_pop,-0.022371,0.0013208,-0.40452,1,0.017745,-0.5833,0.7159,0.24569,-0.076412
omega_Cl,0.016767,-0.011962,-0.019036,0.017745,1,-0.043169,0.040549,0.0017836,-0.036776
omega_V1,0.00032566,0.011893,0.47022,-0.5833,-0.043169,1,-0.73254,-0.11531,0.00031949
omega_Q,-0.0092245,-0.0074234,-0.51629,0.7159,0.040549,-0.73254,1,0.018092,-0.085925
omega_V2,-0.0067344,0.0051394,0.043582,0.24569,0.0017836,-0.11531,0.018092,1,-0.00033709
a,0.012789,-0.010031,0.039666,-0.076412,-0.036776,0.00031949,-0.085925,-0.00033709,1
