Cl_pop,16.451,-0.70886,-0.014946,-0.17983,0.0021308,-0.0047876,0.0064738,-0.0041115,0.00073181
beta_Cl_tSCRMGDL,-0.70886,0.033641,0.0049592,-0.0018357,-0.00044593,0.00033769,-0.00091061,0.00039994,6.988e-5
V1_pop,-0.014946,0.0049592,8.6652,-4.1539,-0.0022798,0.20514,-0.65511,0.064483,0.044917
V2_pop,-0.17983,-0.0018357,-4.1539,13.998,-0.0014911,-0.14098,0.67495,-0.12797,-0.0874
omega_Cl,0.0021308,-0.00044593,-0.0022798,-0.0014911,0.0018795,-0.00014812,0.00033354,7.1159e-5,-0.00021297
omega_V1,-0.0047876,0.00033769,0.20514,-0.14098,-0.00014812,0.01624,-0.028434,-0.0029207,0.0022956
omega_Q,0.0064738,-0.00091061,-0.65511,0.67495,0.00033354,-0.028434,0.1636,-0.0072365,-0.01315
omega_V2,-0.0041115,0.00039994,0.064483,-0.12797,7.1159e-5,-0.0029207,-0.0072365,0.05105,-0.0010551
a,0.00073181,6.988e-5,0.044917,-0.0874,-0.00021297,0.0022956,-0.01315,-0.0010551,0.038427
