Cl_pop,16.464,-0.71364,0.095868,-0.45551,-0.0027632,-0.00017545,-0.026623,-0.0015258,0.015203
beta_Cl_tSCRMGDL,-0.71364,0.043753,5.8309e-5,-0.0021338,0.005695,-0.00015827,0.0010482,0.00022289,-0.00024517
V1_pop,0.095868,5.8309e-5,4.9853,-1.4654,0.0012802,0.010396,-0.15675,0.056051,0.035722
V2_pop,-0.45551,-0.0021338,-1.4654,15.024,-0.0052595,-0.096941,0.70572,-0.047751,-0.15322
omega_Cl,-0.0027632,0.005695,0.0012802,-0.0052595,0.0031804,-0.00012412,0.00031716,-8.8869e-6,-9.0362e-5
omega_V1,-0.00017545,-0.00015827,0.010396,-0.096941,-0.00012412,0.0097089,-0.018997,-0.0017864,0.00059413
omega_Q,-0.026623,0.0010482,-0.15675,0.70572,0.00031716,-0.018997,0.16341,-0.01078,-0.011871
omega_V2,-0.0015258,0.00022289,0.056051,-0.047751,-8.8869e-6,-0.0017864,-0.01078,0.048444,0.00057983
a,0.015203,-0.00024517,0.035722,-0.15322,-9.0362e-5,0.00059413,-0.011871,0.00057983,0.0423
