Cl_pop,nan,nan,nan,nan,nan,nan,nan,nan,nan
beta_Cl_tSCRMGDL,nan,nan,nan,nan,nan,nan,nan,nan,nan
V1_pop,nan,nan,1,-0.19217,0.0033298,0.049734,-0.23385,0.1806,0.039398
V2_pop,nan,nan,-0.19217,1,-0.036103,-0.034544,0.3371,-0.26927,-0.096988
omega_Cl,nan,nan,0.0033298,-0.036103,1,-0.011932,0.0098927,0.0065423,-0.095786
omega_V1,nan,nan,0.049734,-0.034544,-0.011932,1,-0.22018,-0.12011,-0.031195
omega_Q,nan,nan,-0.23385,0.3371,0.0098927,-0.22018,1,-0.11223,-0.11918
omega_V2,nan,nan,0.1806,-0.26927,0.0065423,-0.12011,-0.11223,1,0.041524
a,nan,nan,0.039398,-0.096988,-0.095786,-0.031195,-0.11918,0.041524,1
