Cl_pop,1,-0.95377,0.012267,-0.032713,0.017105,0.006711,-0.024116,0.0082332,0.0029837
beta_Cl_tSCRMGDL,-0.95377,1,-0.0086775,0.017122,-0.016963,-0.010341,0.017358,-0.0007803,-3.7551e-5
V1_pop,0.012267,-0.0086775,1,-0.27502,-0.0014299,-0.18423,-0.27221,0.31904,0.051365
V2_pop,-0.032713,0.017122,-0.27502,1,-0.018363,0.088138,0.47288,-0.32723,-0.10281
omega_Cl,0.017105,-0.016963,-0.0014299,-0.018363,1,-0.019928,0.0049549,0.0021233,-0.021318
omega_V1,0.006711,-0.010341,-0.18423,0.088138,-0.019928,1,0.001205,-0.21703,-0.047192
omega_Q,-0.024116,0.017358,-0.27221,0.47288,0.0049549,0.001205,1,-0.3348,-0.099955
omega_V2,0.0082332,-0.0007803,0.31904,-0.32723,0.0021233,-0.21703,-0.3348,1,0.012001
a,0.0029837,-3.7551e-5,0.051365,-0.10281,-0.021318,-0.047192,-0.099955,0.012001,1
