Cl_pop,16.502,-0.71055,0.12099,-0.53686,0.0030072,0.0020116,-0.039772,0.0091038,0.0027852
beta_Cl_tSCRMGDL,-0.71055,0.033633,-0.0038637,0.012686,-0.00013463,-0.00013994,0.0012924,-3.8953e-5,-1.5825e-6
V1_pop,0.12099,-0.0038637,5.8945,-2.6975,-0.00015025,-0.033004,-0.26831,0.21084,0.028657
V2_pop,-0.53686,0.012686,-2.6975,16.322,-0.0032108,0.026275,0.77562,-0.35985,-0.095444
omega_Cl,0.0030072,-0.00013463,-0.00015025,-0.0032108,0.0018731,-6.3642e-5,8.7062e-5,2.5014e-5,-0.00021202
omega_V1,0.0020116,-0.00013994,-0.033004,0.026275,-6.3642e-5,0.0054447,3.6099e-5,-0.0043591,-0.00080021
omega_Q,-0.039772,0.0012924,-0.26831,0.77562,8.7062e-5,3.6099e-5,0.16482,-0.036998,-0.0093252
omega_V2,0.0091038,-3.8953e-5,0.21084,-0.35985,2.5014e-5,-0.0043591,-0.036998,0.074093,0.00075066
a,0.0027852,-1.5825e-6,0.028657,-0.095444,-0.00021202,-0.00080021,-0.0093252,0.00075066,0.052807
