Cl_pop,1,-0.7769,0.0070638,-0.037997,0.57599,-0.013381,-0.0041159,-0.020311,0.046923
beta_Cl_tSCRMGDL,-0.7769,1,-0.0031039,0.013415,0.0045555,-0.00045563,0.0098007,0.020193,-0.016127
V1_pop,0.0070638,-0.0031039,1,-0.13318,-0.00085018,-0.22719,-0.072009,0.17887,0.095971
V2_pop,-0.037997,0.013415,-0.13318,1,-0.024493,0.04695,0.30949,-0.025757,-0.1759
omega_Cl,0.57599,0.0045555,-0.00085018,-0.024493,1,-0.012688,0.01013,-0.013756,0.032887
omega_V1,-0.013381,-0.00045563,-0.22719,0.04695,-0.012688,1,-0.082169,-0.1478,-0.093442
omega_Q,-0.0041159,0.0098007,-0.072009,0.30949,0.01013,-0.082169,1,-0.098772,-0.12112
omega_V2,-0.020311,0.020193,0.17887,-0.025757,-0.013756,-0.1478,-0.098772,1,0.03982
a,0.046923,-0.016127,0.095971,-0.1759,0.032887,-0.093442,-0.12112,0.03982,1
