Cl_pop,1,-0.95346,0.0078714,-0.032252,0.0060554,0.015436,-0.016218,-0.006997,0.011068
beta_Cl_tSCRMGDL,-0.95346,1,-0.0056305,0.015504,-0.0026786,-0.016356,0.016386,0.0049584,-0.0037634
V1_pop,0.0078714,-0.0056305,1,-0.20347,-0.0021498,0.04413,-0.19772,0.056618,0.032526
V2_pop,-0.032252,0.015504,-0.20347,1,-0.021243,-0.2569,0.39859,0.11397,-0.046209
omega_Cl,0.0060554,-0.0026786,-0.0021498,-0.021243,1,-0.033387,0.022461,-0.017662,-0.049625
omega_V1,0.015436,-0.016356,0.04413,-0.2569,-0.033387,1,-0.53359,-0.24666,-0.069293
omega_Q,-0.016218,0.016386,-0.19772,0.39859,0.022461,-0.53359,1,0.16047,0.06374
omega_V2,-0.006997,0.0049584,0.056618,0.11397,-0.017662,-0.24666,0.16047,1,-0.053351
a,0.011068,-0.0037634,0.032526,-0.046209,-0.049625,-0.069293,0.06374,-0.053351,1
