Cl_pop,1,-0.95397,0.004371,-0.01381,0.014595,-0.0040507,-0.0047532,0.0016413,0.0072006
beta_Cl_tSCRMGDL,-0.95397,1,-0.002699,0.0032317,-0.015483,0.0017884,-0.0017154,0.0023697,-0.0026012
V1_pop,0.004371,-0.002699,1,-0.1691,-3.2322e-5,-0.029531,-0.16875,0.20421,0.034834
V2_pop,-0.01381,0.0032317,-0.1691,1,-0.0052494,0.012774,0.41781,-0.30912,-0.15282
omega_Cl,0.014595,-0.015483,-3.2322e-5,-0.0052494,1,-0.011388,0.01858,0.0028377,-0.0066476
omega_V1,-0.0040507,0.0017884,-0.029531,0.012774,-0.011388,1,-0.035893,-0.026059,-0.041575
omega_Q,-0.0047532,-0.0017154,-0.16875,0.41781,0.01858,-0.035893,1,-0.30404,-0.1638
omega_V2,0.0016413,0.0023697,0.20421,-0.30912,0.0028377,-0.026059,-0.30404,1,0.086502
a,0.0072006,-0.0026012,0.034834,-0.15282,-0.0066476,-0.041575,-0.1638,0.086502,1
