Cl_pop,16.198,-0.69882,0.038331,-0.20603,0.0024436,-0.001024,-0.0067043,0.0015245,0.0030421
beta_Cl_tSCRMGDL,-0.69882,0.033128,-0.0010704,0.0021803,-0.00011723,2.0444e-5,-0.00010942,9.9533e-5,-4.9698e-5
V1_pop,0.038331,-0.0010704,4.7477,-1.3658,-2.9297e-6,-0.0040415,-0.12886,0.10268,0.0079675
V2_pop,-0.20603,0.0021803,-1.3658,13.739,-0.00080942,0.0029739,0.54274,-0.26442,-0.05946
omega_Cl,0.0024436,-0.00011723,-2.9297e-6,-0.00080942,0.0017305,-2.9755e-5,0.00027087,2.7242e-5,-2.9029e-5
omega_V1,-0.001024,2.0444e-5,-0.0040415,0.0029739,-2.9755e-5,0.003945,-0.00079006,-0.00037771,-0.00027411
omega_Q,-0.0067043,-0.00010942,-0.12886,0.54274,0.00027087,-0.00079006,0.12282,-0.024589,-0.0060258
omega_V2,0.0015245,9.9533e-5,0.10268,-0.26442,2.7242e-5,-0.00037771,-0.024589,0.053257,0.0020955
a,0.0030421,-4.9698e-5,0.0079675,-0.05946,-2.9029e-5,-0.00027411,-0.0060258,0.0020955,0.011019
