Cl_pop,16.408,-0.70688,0.064487,-0.37527,0.0019806,-0.0054913,-0.0090781,0.0015541,0.0060977
beta_Cl_tSCRMGDL,-0.70688,0.033476,-0.00034366,0.005831,-4.2413e-5,0.00014903,0.00018395,0.00019356,-2.0031e-6
V1_pop,0.064487,-0.00034366,5.7679,-2.9499,0.0010325,-0.024126,-0.25419,0.17514,0.042368
V2_pop,-0.37527,0.005831,-2.9499,17.042,-0.0025518,0.026897,0.65421,-0.38739,-0.13391
omega_Cl,0.0019806,-4.2413e-5,0.0010325,-0.0025518,0.0018575,-6.3067e-5,7.978e-5,-3.6395e-5,-0.00019672
omega_V1,-0.0054913,0.00014903,-0.024126,0.026897,-6.3067e-5,0.0067225,-0.00098287,-0.0040716,-0.001767
omega_Q,-0.0090781,0.00018395,-0.25419,0.65421,7.978e-5,-0.00098287,0.11961,-0.031198,-0.011202
omega_V2,0.0015541,0.00019356,0.17514,-0.38739,-3.6395e-5,-0.0040716,-0.031198,0.067709,0.0041819
a,0.0060977,-2.0031e-6,0.042368,-0.13391,-0.00019672,-0.001767,-0.011202,0.0041819,0.042327
