Cl_pop,1,-0.95352,0.015602,-0.062034,0.0099302,0.046918,-0.0572,0.040885,-0.03617
beta_Cl_tSCRMGDL,-0.95352,1,-0.010632,0.035067,-0.0084514,-0.02983,0.032375,-0.019951,0.018962
V1_pop,0.015602,-0.010632,1,-0.11515,-0.042148,0.0027893,-0.21817,0.33107,-0.15769
V2_pop,-0.062034,0.035067,-0.11515,1,0.10383,-0.59232,0.81594,-0.54468,0.5744
omega_Cl,0.0099302,-0.0084514,-0.042148,0.10383,1,-0.10135,0.14068,-0.12391,0.084189
omega_V1,0.046918,-0.02983,0.0027893,-0.59232,-0.10135,1,-0.6829,0.50354,-0.50267
omega_Q,-0.0572,0.032375,-0.21817,0.81594,0.14068,-0.6829,1,-0.84958,0.71669
omega_V2,0.040885,-0.019951,0.33107,-0.54468,-0.12391,0.50354,-0.84958,1,-0.64397
a,-0.03617,0.018962,-0.15769,0.5744,0.084189,-0.50267,0.71669,-0.64397,1
