Cl_pop,1,-0.95367,-0.0012104,0.018036,0.014821,-0.025519,0.042775,-0.033454,0.035053
beta_Cl_tSCRMGDL,-0.95367,1,0.0042081,-0.04515,-0.0088342,0.039877,-0.068528,0.053028,-0.048225
V1_pop,-0.0012104,0.0042081,1,-0.0094209,-0.010714,-0.07964,-0.063271,0.2066,0.012039
V2_pop,0.018036,-0.04515,-0.0094209,1,0.026162,-0.5418,0.75991,-0.20565,0.40227
omega_Cl,0.014821,-0.0088342,-0.010714,0.026162,1,-0.034152,0.049745,-0.028131,0.015297
omega_V1,-0.025519,0.039877,-0.07964,-0.5418,-0.034152,1,-0.64926,0.22314,-0.43165
omega_Q,0.042775,-0.068528,-0.063271,0.75991,0.049745,-0.64926,1,-0.57941,0.54762
omega_V2,-0.033454,0.053028,0.2066,-0.20565,-0.028131,0.22314,-0.57941,1,-0.35464
a,0.035053,-0.048225,0.012039,0.40227,0.015297,-0.43165,0.54762,-0.35464,1
