Cl_pop,1,-0.95381,0.0054286,-0.023713,0.017438,-0.0054187,-0.010482,-0.0021176,0.0035888
beta_Cl_tSCRMGDL,-0.95381,1,-0.0030459,0.010798,-0.011858,0.0041172,0.008018,0.0069577,-0.0020916
V1_pop,0.0054286,-0.0030459,1,-0.12999,0.0050152,0.1457,-0.20396,0.15424,0.0038779
V2_pop,-0.023713,0.010798,-0.12999,1,-0.016363,-0.10156,0.34926,0.029022,-0.069496
omega_Cl,0.017438,-0.011858,0.0050152,-0.016363,1,-0.014468,0.0039682,0.0044947,-0.040896
omega_V1,-0.0054187,0.0041172,0.1457,-0.10156,-0.014468,1,-0.25465,-0.042096,-0.091951
omega_Q,-0.010482,0.008018,-0.20396,0.34926,0.0039682,-0.25465,1,-0.1743,-0.074314
omega_V2,-0.0021176,0.0069577,0.15424,0.029022,0.0044947,-0.042096,-0.1743,1,0.063386
a,0.0035888,-0.0020916,0.0038779,-0.069496,-0.040896,-0.091951,-0.074314,0.063386,1
