Cl_pop,1,-0.95371,0.010159,-0.02712,0.0066613,0.0094481,-0.017795,0.00067608,0.021316
beta_Cl_tSCRMGDL,-0.95371,1,-0.0065537,0.011182,-0.011037,-0.012457,0.01518,0.0071468,-0.011812
V1_pop,0.010159,-0.0065537,1,-0.21123,3.9643e-5,-0.15321,-0.12619,0.19047,0.073953
V2_pop,-0.02712,0.011182,-0.21123,1,-0.0096272,-0.0030186,0.3965,-0.5426,-0.20028
omega_Cl,0.0066613,-0.011037,3.9643e-5,-0.0096272,1,-0.023747,0.027426,0.004623,-0.02702
omega_V1,0.0094481,-0.012457,-0.15321,-0.0030186,-0.023747,1,-0.20239,-0.10383,0.04319
omega_Q,-0.017795,0.01518,-0.12619,0.3965,0.027426,-0.20239,1,-0.21415,-0.24249
omega_V2,0.00067608,0.0071468,0.19047,-0.5426,0.004623,-0.10383,-0.21415,1,0.041641
a,0.021316,-0.011812,0.073953,-0.20028,-0.02702,0.04319,-0.24249,0.041641,1
