Cl_pop,16.475,-0.70893,0.19055,-0.571,0.0012556,-0.0028908,-0.024863,-0.0032364,0.023349
beta_Cl_tSCRMGDL,-0.70893,0.033544,-0.0043467,0.012608,-6.3785e-5,1.301e-5,0.0005643,0.00032035,-0.0005486
V1_pop,0.19055,-0.0043467,5.9938,-1.9518,0.00081777,-0.065077,-0.24184,0.090609,0.09007
V2_pop,-0.571,0.012608,-1.9518,15.304,-0.0037294,0.026127,0.42751,-0.081822,-0.18008
omega_Cl,0.0012556,-6.3785e-5,0.00081777,-0.0037294,0.0018112,-4.758e-5,5.053e-5,-0.00013836,0.00012803
omega_V1,-0.0028908,1.301e-5,-0.065077,0.026127,-4.758e-5,0.0052239,0.001357,-0.0018454,-0.0016353
omega_Q,-0.024863,0.0005643,-0.24184,0.42751,5.053e-5,0.001357,0.094471,-0.011461,-0.014087
omega_V2,-0.0032364,0.00032035,0.090609,-0.081822,-0.00013836,-0.0018454,-0.011461,0.048819,0.0010115
a,0.023349,-0.0005486,0.09007,-0.18008,0.00012803,-0.0016353,-0.014087,0.0010115,0.047286
