Cl_pop,nan,nan,nan,nan,nan,nan,nan,nan,nan
beta_Cl_tSCRMGDL,nan,nan,nan,nan,nan,nan,nan,nan,nan
V1_pop,nan,nan,5.7737,-1.976,-0.00011817,0.010609,-0.24463,0.091679,0.034742
V2_pop,nan,nan,-1.976,13.451,-0.0020307,-0.023166,0.46957,-0.17635,-0.07534
omega_Cl,nan,nan,-0.00011817,-0.0020307,0.00027188,-2.9627e-5,0.00018072,2.5884e-5,-0.00030119
omega_V1,nan,nan,0.010609,-0.023166,-2.9627e-5,0.0079091,-0.010898,-0.0029382,-0.00091619
omega_Q,nan,nan,-0.24463,0.46957,0.00018072,-0.010898,0.14644,-0.004727,-0.0066454
omega_V2,nan,nan,0.091679,-0.17635,2.5884e-5,-0.0029382,-0.004727,0.051629,0.0022799
a,nan,nan,0.034742,-0.07534,-0.00030119,-0.00091619,-0.0066454,0.0022799,0.04594
