Cl_pop,1,-0.92975,0.010926,-0.029877,0.0037884,-0.0010727,-0.0223,-0.0046718,0.016828
beta_Cl_tSCRMGDL,-0.92975,1,-0.0072203,0.0090453,0.21873,-0.0066637,0.019817,0.0044509,-0.0093943
V1_pop,0.010926,-0.0072203,1,-0.074606,0.0035548,-0.1489,-0.017916,0.12721,0.053214
V2_pop,-0.029877,0.0090453,-0.074606,1,-0.020508,0.028557,0.27369,-0.015071,-0.1707
omega_Cl,0.0037884,0.21873,0.0035548,-0.020508,1,-0.018149,0.0080472,-0.0059205,-0.014606
omega_V1,-0.0010727,-0.0066637,-0.1489,0.028557,-0.018149,1,-0.091211,-0.092455,-0.097024
omega_Q,-0.0223,0.019817,-0.017916,0.27369,0.0080472,-0.091211,1,-0.066114,-0.10728
omega_V2,-0.0046718,0.0044509,0.12721,-0.015071,-0.0059205,-0.092455,-0.066114,1,0.010218
a,0.016828,-0.0093943,0.053214,-0.1707,-0.014606,-0.097024,-0.10728,0.010218,1
