Cl_pop,1,-0.95394,0.015151,-0.023077,0.011685,-0.01274,-0.018247,0.0047619,0.013702
beta_Cl_tSCRMGDL,-0.95394,1,-0.0045541,0.0056224,-0.010779,0.00196,0.0039429,0.0062992,-0.0090091
V1_pop,0.015151,-0.0045541,1,-0.4408,-0.0072899,-0.30922,-0.47356,0.42453,0.035315
V2_pop,-0.023077,0.0056224,-0.4408,1,0.0074159,0.31861,0.64825,-0.52068,-0.13424
omega_Cl,0.011685,-0.010779,-0.0072899,0.0074159,1,-0.0066443,0.020503,-0.011922,-0.017084
omega_V1,-0.01274,0.00196,-0.30922,0.31861,-0.0066443,1,0.31528,-0.31421,-0.078028
omega_Q,-0.018247,0.0039429,-0.47356,0.64825,0.020503,0.31528,1,-0.53789,-0.11384
omega_V2,0.0047619,0.0062992,0.42453,-0.52068,-0.011922,-0.31421,-0.53789,1,0.10029
a,0.013702,-0.0090091,0.035315,-0.13424,-0.017084,-0.078028,-0.11384,0.10029,1
