Cl_pop,16.211,-0.69916,0.1666,-0.42547,0.0019585,-0.0037369,-0.032264,0.0048208,0.0054232
beta_Cl_tSCRMGDL,-0.69916,0.033136,-0.0022639,0.0046865,-8.1676e-5,2.5992e-5,0.00031521,0.00028832,-0.00016121
V1_pop,0.1666,-0.0022639,7.4579,-5.5122,-0.00082873,-0.061519,-0.56795,0.29151,0.0094808
V2_pop,-0.42547,0.0046865,-5.5122,20.968,0.0014136,0.10629,1.3036,-0.5995,-0.060427
omega_Cl,0.0019585,-8.1676e-5,-0.00082873,0.0014136,0.0017328,-2.015e-5,0.00037483,-0.00012479,-6.991e-5
omega_V1,-0.0037369,2.5992e-5,-0.061519,0.10629,-2.015e-5,0.0053073,0.010087,-0.0057556,-0.00055881
omega_Q,-0.032264,0.00031521,-0.56795,1.3036,0.00037483,0.010087,0.19287,-0.059396,-0.0049149
omega_V2,0.0048208,0.00028832,0.29151,-0.5995,-0.00012479,-0.0057556,-0.059396,0.063223,0.002479
a,0.0054232,-0.00016121,0.0094808,-0.060427,-6.991e-5,-0.00055881,-0.0049149,0.002479,0.0096638
