Cl_pop,16.427,-0.70731,0.077331,-0.39442,0.001126,-0.0028496,-0.015566,0.011401,0.010367
beta_Cl_tSCRMGDL,-0.70731,0.033486,-0.0013605,0.0074071,-3.2055e-5,5.4926e-5,0.00036538,-8.9668e-5,-0.00033955
V1_pop,0.077331,-0.0013605,5.2553,-1.5249,0.00099866,-0.021591,-0.092335,0.14439,0.00076057
V2_pop,-0.39442,0.0074071,-1.5249,13.756,-0.0032323,0.013694,0.47176,-0.27717,-0.049936
omega_Cl,0.001126,-3.2055e-5,0.00099866,-0.0032323,0.0018567,-4.333e-5,0.00017097,2.9678e-5,-0.00015139
omega_V1,-0.0028496,5.4926e-5,-0.021591,0.013694,-4.333e-5,0.0050745,-0.0017907,-0.0027214,-0.00057383
omega_Q,-0.015566,0.00036538,-0.092335,0.47176,0.00017097,-0.0017907,0.13341,-0.023933,-0.0041527
omega_V2,0.011401,-8.9668e-5,0.14439,-0.27717,2.9678e-5,-0.0027214,-0.023933,0.067213,-0.0013465
a,0.010367,-0.00033955,0.00076057,-0.049936,-0.00015139,-0.00057383,-0.0041527,-0.0013465,0.040814
