Cl_pop,1,-0.9533,-0.0072528,-0.016237,0.001149,-0.011353,0.024228,-0.029909,0.026557
beta_Cl_tSCRMGDL,-0.9533,1,0.0066474,-0.00024515,0.00058239,0.0082342,-0.019513,0.028671,-0.016495
V1_pop,-0.0072528,0.0066474,1,-0.13381,-0.00839,-0.092038,-0.083862,0.16886,0.045015
V2_pop,-0.016237,-0.00024515,-0.13381,1,-0.014858,-0.31948,0.5066,-0.10389,-0.024339
omega_Cl,0.001149,0.00058239,-0.00839,-0.014858,1,-0.011052,0.030895,-0.034816,-0.071613
omega_V1,-0.011353,0.0082342,-0.092038,-0.31948,-0.011052,1,-0.58792,-0.011671,-0.15683
omega_Q,0.024228,-0.019513,-0.083862,0.5066,0.030895,-0.58792,1,-0.19096,0.10423
omega_V2,-0.029909,0.028671,0.16886,-0.10389,-0.034816,-0.011671,-0.19096,1,-0.07683
a,0.026557,-0.016495,0.045015,-0.024339,-0.071613,-0.15683,0.10423,-0.07683,1
