Cl_pop,16.118,-0.69603,-0.092738,0.0092069,0.0019786,-0.0056335,0.021865,-0.00043105,0.0016126
beta_Cl_tSCRMGDL,-0.69603,0.033016,0.0048058,-0.0048972,-8.0507e-5,0.00024977,-0.0012185,6.7698e-5,-5.1323e-5
V1_pop,-0.092738,0.0048058,5.4152,-1.4279,-0.00037957,0.047312,-0.17581,0.025433,-0.009212
V2_pop,0.0092069,-0.0048972,-1.4279,12.517,0.00058134,-0.028052,0.44781,-0.16144,-0.0096289
omega_Cl,0.0019786,-8.0507e-5,-0.00037957,0.00058134,0.0017074,-2.6235e-5,0.00020478,-1.4222e-5,-3.0339e-5
omega_V1,-0.0056335,0.00024977,0.047312,-0.028052,-2.6235e-5,0.0063596,-0.0082315,-0.0019066,-0.00053012
omega_Q,0.021865,-0.0012185,-0.17581,0.44781,0.00020478,-0.0082315,0.10259,-0.005018,0.0003013
omega_V2,-0.00043105,6.7698e-5,0.025433,-0.16144,-1.4222e-5,-0.0019066,-0.005018,0.039613,0.00022489
a,0.0016126,-5.1323e-5,-0.009212,-0.0096289,-3.0339e-5,-0.00053012,0.0003013,0.00022489,0.005667
