Cl_pop,16.304,-0.7036,0.10585,0.022362,0,0,0,0,0
beta_Cl_tSCRMGDL,-0.7036,0.033325,-0.0029369,-0.00132,0,0,0,0,0
V1_pop,0.10585,-0.0029369,4.8994,-0.80439,0,0,0,0,0
V2_pop,0.022362,-0.00132,-0.80439,8.5561,0,0,0,0,0
omega_Cl,0,0,0,0,0.0018219,3.0161e-6,2.3308e-5,8.4768e-6,-0.00025925
omega_V1,0,0,0,0,3.0161e-6,0.0051967,-0.0019719,-0.00027687,-0.00063997
omega_Q,0,0,0,0,2.3308e-5,-0.0019719,0.060549,-0.0016487,-0.0051258
omega_V2,0,0,0,0,8.4768e-6,-0.00027687,-0.0016487,0.036106,-0.003813
a,0,0,0,0,-0.00025925,-0.00063997,-0.0051258,-0.003813,0.049751
