Cl_pop,1,-0.95377,0.0015622,-0.028473,0.023569,0.012334,-0.018008,-0.0062242,-0.0093304
beta_Cl_tSCRMGDL,-0.95377,1,-0.00075623,0.016203,-0.015227,-0.0093404,0.011516,0.0079539,0.0082043
V1_pop,0.0015622,-0.00075623,1,0.054994,0.011407,-0.049203,0.020621,0.12975,0.011043
V2_pop,-0.028473,0.016203,0.054994,1,0.003138,-0.57477,0.76173,0.17125,0.34269
omega_Cl,0.023569,-0.015227,0.011407,0.003138,1,-0.016222,0.022897,-0.009148,0.0011852
omega_V1,0.012334,-0.0093404,-0.049203,-0.57477,-0.016222,1,-0.7213,0.12687,-0.44801
omega_Q,-0.018008,0.011516,0.020621,0.76173,0.022897,-0.7213,1,-0.21938,0.45789
omega_V2,-0.0062242,0.0079539,0.12975,0.17125,-0.009148,0.12687,-0.21938,1,-0.14787
a,-0.0093304,0.0082043,0.011043,0.34269,0.0011852,-0.44801,0.45789,-0.14787,1
