Cl_pop,16.484,-0.70994,0.013572,-1.1111,0.0041277,0.0059844,-0.056546,-0.0064512,-0.0090991
beta_Cl_tSCRMGDL,-0.70994,0.033612,-0.00029666,0.028552,-0.00012042,-0.00020466,0.0016329,0.00037227,0.0003613
V1_pop,0.013572,-0.00029666,4.5784,1.131,0.0010529,-0.012582,0.034125,0.070873,0.0056757
V2_pop,-1.1111,0.028552,1.131,92.375,0.001301,-0.66021,5.6623,0.42017,0.79115
omega_Cl,0.0041277,-0.00012042,0.0010529,0.001301,0.0018607,-8.3629e-5,0.00076389,-0.00010074,1.228e-5
omega_V1,0.0059844,-0.00020466,-0.012582,-0.66021,-8.3629e-5,0.014283,-0.066672,0.0038708,-0.012861
omega_Q,-0.056546,0.0016329,0.034125,5.6623,0.00076389,-0.066672,0.59818,-0.043315,0.085065
omega_V2,-0.0064512,0.00037227,0.070873,0.42017,-0.00010074,0.0038708,-0.043315,0.065172,-0.0090677
a,-0.0090991,0.0003613,0.0056757,0.79115,1.228e-5,-0.012861,0.085065,-0.0090677,0.057696
