Cl_pop,16.192,-0.69864,-0.015019,-0.2289,0.0023413,-0.0019338,-0.00080856,-0.004074,0.0026446
beta_Cl_tSCRMGDL,-0.69864,0.033125,0.0034473,-0.0040862,-0.00011323,8.6704e-5,-0.00075313,0.00079965,-6.2425e-6
V1_pop,-0.015019,0.0034473,6.2062,-4.4421,5.0914e-5,0.025837,-0.39625,0.26946,0.010229
V2_pop,-0.2289,-0.0040862,-4.4421,22.464,-0.0033855,-0.017909,1.1344,-0.82455,-0.082755
omega_Cl,0.0023413,-0.00011323,5.0914e-5,-0.0033855,0.0016835,-3.8735e-5,-2.699e-6,0.00019747,-1.4375e-5
omega_V1,-0.0019338,8.6704e-5,0.025837,-0.017909,-3.8735e-5,0.0050236,-0.0046168,-0.00028826,-0.00039025
omega_Q,-0.00080856,-0.00075313,-0.39625,1.1344,-2.699e-6,-0.0046168,0.14522,-0.061931,-0.0052134
omega_V2,-0.004074,0.00079965,0.26946,-0.82455,0.00019747,-0.00028826,-0.061931,0.083788,0.004442
a,0.0026446,-6.2425e-6,0.010229,-0.082755,-1.4375e-5,-0.00039025,-0.0052134,0.004442,0.0088992
