Cl_pop,1,-0.95331,nan,-0.073191,0.037165,0.07506,-0.06548,0.066786,-0.030174
beta_Cl_tSCRMGDL,-0.95331,1,nan,0.040536,-0.02008,-0.043829,0.038224,-0.037288,0.0205
V1_pop,nan,nan,nan,nan,nan,nan,nan,nan,nan
V2_pop,-0.073191,0.040536,nan,1,-0.0062069,-0.88621,0.8176,-0.92426,0.30855
omega_Cl,0.037165,-0.02008,nan,-0.0062069,1,0.0042487,0.001077,0.0020152,-0.020196
omega_V1,0.07506,-0.043829,nan,-0.88621,0.0042487,1,-0.85312,0.86559,-0.36895
omega_Q,-0.06548,0.038224,nan,0.8176,0.001077,-0.85312,1,-0.79687,0.28222
omega_V2,0.066786,-0.037288,nan,-0.92426,0.0020152,0.86559,-0.79687,1,-0.31659
a,-0.030174,0.0205,nan,0.30855,-0.020196,-0.36895,0.28222,-0.31659,1
