Cl_pop,1,-0.95392,0.0075,-0.019719,0.013694,-0.0071934,-0.011989,0.0085179,0.01379
beta_Cl_tSCRMGDL,-0.95392,1,-0.0041044,0.0058623,-0.01329,0.0025664,0.0032457,0.0012911,-0.0067906
V1_pop,0.0075,-0.0041044,1,-0.17912,-0.0044346,-0.17075,-0.1415,0.18299,0.059897
V2_pop,-0.019719,0.0058623,-0.17912,1,-0.0011752,0.13441,0.51798,-0.4156,-0.19247
omega_Cl,0.013694,-0.01329,-0.0044346,-0.0011752,1,-0.0047753,0.015042,-0.0027624,-0.0068938
omega_V1,-0.0071934,0.0025664,-0.17075,0.13441,-0.0047753,1,0.078695,-0.13778,-0.11718
omega_Q,-0.011989,0.0032457,-0.1415,0.51798,0.015042,0.078695,1,-0.39288,-0.16218
omega_V2,0.0085179,0.0012911,0.18299,-0.4156,-0.0027624,-0.13778,-0.39288,1,0.13071
a,0.01379,-0.0067906,0.059897,-0.19247,-0.0068938,-0.11718,-0.16218,0.13071,1
