Cl_pop,16.205,-0.69905,0.067857,-0.32319,0.0023182,-0.0018214,-0.017518,0.007791,0.0064433
beta_Cl_tSCRMGDL,-0.69905,0.033139,-0.0016793,0.0043449,-0.00010173,2.9386e-5,0.00021446,5.34e-5,-0.00014348
V1_pop,0.067857,-0.0016793,5.0514,-1.6391,-0.00041912,-0.024138,-0.11544,0.093448,0.015625
V2_pop,-0.32319,0.0043449,-1.6391,16.577,-0.00020121,0.034422,0.76548,-0.38446,-0.09095
omega_Cl,0.0023182,-0.00010173,-0.00041912,-0.00020121,0.0017683,-1.2631e-5,0.0002296,-2.6393e-5,-3.3646e-5
omega_V1,-0.0018214,2.9386e-5,-0.024138,0.034422,-1.2631e-5,0.0039563,0.0017967,-0.0019691,-0.00085544
omega_Q,-0.017518,0.00021446,-0.11544,0.76548,0.0002296,0.0017967,0.13175,-0.032402,-0.0068323
omega_V2,0.007791,5.34e-5,0.093448,-0.38446,-2.6393e-5,-0.0019691,-0.032402,0.051625,0.0034469
a,0.0064433,-0.00014348,0.015625,-0.09095,-3.3646e-5,-0.00085544,-0.0068323,0.0034469,0.013471
