Cl_pop,1,-0.95325,0.015477,-0.027694,0.036761,-8.1047e-6,-0.016091,0.0043827,0.0106
beta_Cl_tSCRMGDL,-0.95325,1,-0.010905,0.010349,-0.0058147,-0.0032083,0.0081036,0.0016457,-0.0052701
V1_pop,0.015477,-0.010905,1,-0.13279,0.011432,-0.11574,-0.11757,0.18387,-0.023616
V2_pop,-0.027694,0.010349,-0.13279,1,-0.028185,0.0038113,0.37146,-0.12314,-0.1471
omega_Cl,0.036761,-0.0058147,0.011432,-0.028185,1,-0.018492,-0.0025126,0.0097412,-0.023375
omega_V1,-8.1047e-6,-0.0032083,-0.11574,0.0038113,-0.018492,1,-0.081624,-0.087744,0.02961
omega_Q,-0.016091,0.0081036,-0.11757,0.37146,-0.0025126,-0.081624,1,-0.18877,-0.15364
omega_V2,0.0043827,0.0016457,0.18387,-0.12314,0.0097412,-0.087744,-0.18877,1,-0.046265
a,0.0106,-0.0052701,-0.023616,-0.1471,-0.023375,0.02961,-0.15364,-0.046265,1
