Cl_pop,17.021,-0.72015,0.1436,-0.42277,0.0065275,-2.2953e-6,-0.024342,0.0041771,0.0091229
beta_Cl_tSCRMGDL,-0.72015,0.03353,-0.0044908,0.0070121,-4.5826e-5,-4.0328e-5,0.00054408,6.9616e-5,-0.00020131
V1_pop,0.1436,-0.0044908,5.0578,-1.105,0.0011065,-0.017868,-0.09695,0.095531,-0.011079
V2_pop,-0.42277,0.0070121,-1.105,13.691,-0.0044884,0.00096804,0.50395,-0.10526,-0.11354
omega_Cl,0.0065275,-4.5826e-5,0.0011065,-0.0044884,0.0018524,-5.4634e-5,-3.965e-5,9.6855e-5,-0.00020986
omega_V1,-2.2953e-6,-4.0328e-5,-0.017868,0.00096804,-5.4634e-5,0.0047122,-0.0020544,-0.0013915,0.00042402
omega_Q,-0.024342,0.00054408,-0.09695,0.50395,-3.965e-5,-0.0020544,0.13444,-0.01599,-0.011752
omega_V2,0.0041771,6.9616e-5,0.095531,-0.10526,9.6855e-5,-0.0013915,-0.01599,0.053369,-0.0022296
a,0.0091229,-0.00020131,-0.011079,-0.11354,-0.00020986,0.00042402,-0.011752,-0.0022296,0.043517
