Cl_pop,nan,nan,nan,nan,nan,nan,nan,nan,nan
beta_Cl_tSCRMGDL,nan,nan,nan,nan,nan,nan,nan,nan,nan
V1_pop,nan,nan,1,-0.2642,0.011655,0.19813,-0.34089,0.11078,0.056458
V2_pop,nan,nan,-0.2642,1,-0.047581,-0.17845,0.41625,-0.18012,-0.10656
omega_Cl,nan,nan,0.011655,-0.047581,1,-0.0090497,-0.0035523,0.011513,-0.052049
omega_V1,nan,nan,0.19813,-0.17845,-0.0090497,1,-0.40021,-0.11104,-0.022375
omega_Q,nan,nan,-0.34089,0.41625,-0.0035523,-0.40021,1,-0.046681,-0.077313
omega_V2,nan,nan,0.11078,-0.18012,0.011513,-0.11104,-0.046681,1,0.023487
a,nan,nan,0.056458,-0.10656,-0.052049,-0.022375,-0.077313,0.023487,1
