Cl_pop,1,-0.95373,0.0165,-0.030375,0.0050303,0.0087148,-0.017946,0.00512,0.020319
beta_Cl_tSCRMGDL,-0.95373,1,-0.0099331,0.012242,-0.0055381,-0.0096937,0.01318,0.0014239,-0.01051
V1_pop,0.0165,-0.0099331,1,-0.25015,-0.015025,0.11767,-0.27866,0.072168,0.051157
V2_pop,-0.030375,0.012242,-0.25015,1,-0.01718,-0.060471,0.26489,-0.44499,-0.14901
omega_Cl,0.0050303,-0.0055381,-0.015025,-0.01718,1,-0.034703,0.031768,0.014962,-0.014408
omega_V1,0.0087148,-0.0096937,0.11767,-0.060471,-0.034703,1,-0.42578,-0.19305,-0.032099
omega_Q,-0.017946,0.01318,-0.27866,0.26489,0.031768,-0.42578,1,0.12563,-0.06758
omega_V2,0.00512,0.0014239,0.072168,-0.44499,0.014962,-0.19305,0.12563,1,0.03131
a,0.020319,-0.01051,0.051157,-0.14901,-0.014408,-0.032099,-0.06758,0.03131,1
