Cl_pop,16.496,-0.71032,0.16256,-0.40948,0.00088311,0.0031311,-0.028516,0.0049947,0.017312
beta_Cl_tSCRMGDL,-0.71032,0.033627,-0.0044184,0.0074512,-4.3897e-5,-0.00015725,0.00094552,6.2715e-5,-0.0004043
V1_pop,0.16256,-0.0044184,5.884,-2.014,-0.0015754,0.02525,-0.26445,0.042047,0.026031
V2_pop,-0.40948,0.0074512,-2.014,11.017,-0.0024648,-0.017755,0.34397,-0.35475,-0.10375
omega_Cl,0.00088311,-4.3897e-5,-0.0015754,-0.0024648,0.0018684,-0.0001327,0.00053722,0.00015534,-0.00013064
omega_V1,0.0031311,-0.00015725,0.02525,-0.017755,-0.0001327,0.0078255,-0.014735,-0.0041019,-0.00059564
omega_Q,-0.028516,0.00094552,-0.26445,0.34397,0.00053722,-0.014735,0.15306,0.011805,-0.0055461
omega_V2,0.0049947,6.2715e-5,0.042047,-0.35475,0.00015534,-0.0041019,0.011805,0.057691,0.0015775
a,0.017312,-0.0004043,0.026031,-0.10375,-0.00013064,-0.00059564,-0.0055461,0.0015775,0.044004
