Cl_pop,1,-0.95377,0.027794,-0.055369,0.0062793,0.047765,-0.051758,-0.0055493,-0.0038508
beta_Cl_tSCRMGDL,-0.95377,1,-0.021657,0.038258,-0.0065674,-0.037897,0.039703,0.0070356,0.0067347
V1_pop,0.027794,-0.021657,1,-0.39639,-0.031233,0.40158,-0.38518,0.061221,-0.055809
V2_pop,-0.055369,0.038258,-0.39639,1,0.047036,-0.76651,0.83142,0.053552,0.087697
omega_Cl,0.0062793,-0.0065674,-0.031233,0.047036,1,-0.069916,0.068648,0.014671,-0.0074455
omega_V1,0.047765,-0.037897,0.40158,-0.76651,-0.069916,1,-0.91495,-0.17078,-0.1684
omega_Q,-0.051758,0.039703,-0.38518,0.83142,0.068648,-0.91495,1,0.11009,0.15362
omega_V2,-0.0055493,0.0070356,0.061221,0.053552,0.014671,-0.17078,0.11009,1,0.018872
a,-0.0038508,0.0067347,-0.055809,0.087697,-0.0074455,-0.1684,0.15362,0.018872,1
