Cl_pop,16.484,-0.70955,0.28211,-1.3688,0.0010952,0.042454,-0.32561,-0.0049284,-0.0031892
beta_Cl_tSCRMGDL,-0.70955,0.033575,-0.0099211,0.042686,-5.1696e-5,-0.0015202,0.011272,0.00028199,0.00025172
V1_pop,0.28211,-0.0099211,6.2501,-6.0342,-0.0033544,0.21978,-1.4921,0.033479,-0.028461
V2_pop,-1.3688,0.042686,-6.0342,37.077,0.012304,-1.0218,7.8444,0.071328,0.10893
omega_Cl,0.0010952,-5.1696e-5,-0.0033544,0.012304,0.0018455,-0.00065751,0.0045694,0.00013787,-6.5244e-5
omega_V1,0.042454,-0.0015202,0.21978,-1.0218,-0.00065751,0.047923,-0.31035,-0.0081778,-0.0075198
omega_Q,-0.32561,0.011272,-1.4921,7.8444,0.0045694,-0.31035,2.4009,0.037313,0.048556
omega_V2,-0.0049284,0.00028199,0.033479,0.071328,0.00013787,-0.0081778,0.037313,0.047847,0.00084208
a,-0.0031892,0.00025172,-0.028461,0.10893,-6.5244e-5,-0.0075198,0.048556,0.00084208,0.04161
