Cl_pop,1,-0.93849,-0.00031764,-0.012385,0.17804,-0.011457,0.012844,-0.012035,0.014995
beta_Cl_tSCRMGDL,-0.93849,1,0.0024727,3.2728e-5,7.5846e-5,0.0057289,-0.0097581,0.015698,-0.0088482
V1_pop,-0.00031764,0.0024727,1,-0.17376,-0.0085173,0.0070035,-0.1585,0.14637,0.032919
V2_pop,-0.012385,3.2728e-5,-0.17376,1,0.024579,-0.21646,0.55636,-0.19222,-0.14276
omega_Cl,0.17804,7.5846e-5,-0.0085173,0.024579,1,-0.038203,0.065943,-0.01798,-0.012144
omega_V1,-0.011457,0.0057289,0.0070035,-0.21646,-0.038203,1,-0.37832,-0.051386,0.0070751
omega_Q,0.012844,-0.0097581,-0.1585,0.55636,0.065943,-0.37832,1,-0.2012,-0.12878
omega_V2,-0.012035,0.015698,0.14637,-0.19222,-0.01798,-0.051386,-0.2012,1,0.0069214
a,0.014995,-0.0088482,0.032919,-0.14276,-0.012144,0.0070751,-0.12878,0.0069214,1
