Cl_pop,1,-0.95388,-0.0046306,-0.014193,0.0096374,-0.012692,0.0059014,-0.0038607,0.013207
beta_Cl_tSCRMGDL,-0.95388,1,0.0074162,-2.19e-6,-0.0076502,0.01458,-0.014083,0.0068244,-0.0098595
V1_pop,-0.0046306,0.0074162,1,-0.11169,-0.0043342,0.0097358,-0.20493,0.18,0.03233
V2_pop,-0.014193,-2.19e-6,-0.11169,1,-0.0016289,-0.27062,0.48378,0.29841,-0.069315
omega_Cl,0.0096374,-0.0076502,-0.0043342,-0.0016289,1,-0.018337,0.022743,-0.00049114,-0.0054205
omega_V1,-0.012692,0.01458,0.0097358,-0.27062,-0.018337,1,-0.43998,-0.33261,-0.079909
omega_Q,0.0059014,-0.014083,-0.20493,0.48378,0.022743,-0.43998,1,0.0062765,-0.046595
omega_V2,-0.0038607,0.0068244,0.18,0.29841,-0.00049114,-0.33261,0.0062765,1,0.029352
a,0.013207,-0.0098595,0.03233,-0.069315,-0.0054205,-0.079909,-0.046595,0.029352,1
