Cl_pop,16.452,-0.70889,-0.043784,-0.33592,0.0016717,-0.0054229,0.0094861,-0.0039659,0.01091
beta_Cl_tSCRMGDL,-0.70889,0.033571,0.0031676,-2.3415e-6,-5.9946e-5,0.0002814,-0.0010226,0.00031668,-0.0003679
V1_pop,-0.043784,0.0031676,5.4343,-1.5193,-0.0004321,0.0023907,-0.18932,0.10627,0.015349
V2_pop,-0.33592,-2.3415e-6,-1.5193,34.051,-0.00040649,-0.16635,1.1188,0.44101,-0.082375
omega_Cl,0.0016717,-5.9946e-5,-0.0004321,-0.00040649,0.001829,-8.2607e-5,0.00038546,-5.3196e-6,-4.7211e-5
omega_V1,-0.0054229,0.0002814,0.0023907,-0.16635,-8.2607e-5,0.011096,-0.018367,-0.0088734,-0.0017143
omega_Q,0.0094861,-0.0010226,-0.18932,1.1188,0.00038546,-0.018367,0.15706,0.00062997,-0.0037607
omega_V2,-0.0039659,0.00031668,0.10627,0.44101,-5.3196e-6,-0.0088734,0.00062997,0.064142,0.001514
a,0.01091,-0.0003679,0.015349,-0.082375,-4.7211e-5,-0.0017143,-0.0037607,0.001514,0.041476
