Cl_pop,16.509,-0.7111,0.28332,-0.33075,0.001701,-0.01413,0.0063743,0.020442,0.022721
beta_Cl_tSCRMGDL,-0.7111,0.03367,-0.010974,0.00018957,-8.7693e-5,0.00075656,-0.0011482,-0.00040201,-0.00069311
V1_pop,0.28332,-0.010974,7.841,-1.065,0.0016302,-0.21763,0.070541,0.18776,0.056863
V2_pop,-0.33075,0.00018957,-1.065,17.662,-0.0014151,-0.13155,0.82935,-0.41517,-0.10854
omega_Cl,0.001701,-8.7693e-5,0.0016302,-0.0014151,0.0018725,-0.00014009,0.00027942,0.00015931,-8.2535e-5
omega_V1,-0.01413,0.00075656,-0.21763,-0.13155,-0.00014009,0.015247,-0.023904,-0.0023672,-0.0022012
omega_Q,0.0063743,-0.0011482,0.070541,0.82935,0.00027942,-0.023904,0.14745,-0.022323,-0.006538
omega_V2,0.020442,-0.00040201,0.18776,-0.41517,0.00015931,-0.0023672,-0.022323,0.071209,0.0062611
a,0.022721,-0.00069311,0.056863,-0.10854,-8.2535e-5,-0.0022012,-0.006538,0.0062611,0.045153
