Cl_pop,1,-0.95349,0.014888,-0.038734,0.010701,0.025235,-0.02669,-0.018201,0.010347
beta_Cl_tSCRMGDL,-0.95349,1,-0.01577,0.023753,-0.0071234,-0.027415,0.028492,0.019783,-0.0023203
V1_pop,0.014888,-0.01577,1,-0.23406,0.00014273,0.2139,-0.30621,0.050819,0.047058
V2_pop,-0.038734,0.023753,-0.23406,1,-0.023646,-0.29184,0.40113,0.083913,-0.1014
omega_Cl,0.010701,-0.0071234,0.00014273,-0.023646,1,-0.0065059,0.015021,-0.0094958,-0.02965
omega_V1,0.025235,-0.027415,0.2139,-0.29184,-0.0065059,1,-0.57014,-0.23333,-0.072269
omega_Q,-0.02669,0.028492,-0.30621,0.40113,0.015021,-0.57014,1,0.16006,-0.025987
omega_V2,-0.018201,0.019783,0.050819,0.083913,-0.0094958,-0.23333,0.16006,1,0.012344
a,0.010347,-0.0023203,0.047058,-0.1014,-0.02965,-0.072269,-0.025987,0.012344,1
