Cl_pop,16.82,-0.72303,0.15034,-0.62157,0.0019705,0.012414,-0.05024,-0.016756,0.016952
beta_Cl_tSCRMGDL,-0.72303,0.034186,-0.0071793,0.017184,-5.9138e-5,-0.000608,0.0024179,0.00082108,-0.00017138
V1_pop,0.15034,-0.0071793,6.0624,-2.2549,1.578e-5,0.063173,-0.34605,0.028087,0.046285
V2_pop,-0.62157,0.017184,-2.2549,15.31,-0.0041543,-0.13697,0.72038,0.073702,-0.15849
omega_Cl,0.0019705,-5.9138e-5,1.578e-5,-0.0041543,0.0020161,-3.5039e-5,0.00030956,-9.5708e-5,-0.00053182
omega_V1,0.012414,-0.000608,0.063173,-0.13697,-3.5039e-5,0.014387,-0.031388,-0.0062823,-0.0034628
omega_Q,-0.05024,0.0024179,-0.34605,0.72038,0.00030956,-0.031388,0.21066,0.016491,-0.0047646
omega_V2,-0.016756,0.00082108,0.028087,0.073702,-9.5708e-5,-0.0062823,0.016491,0.050388,0.0011069
a,0.016952,-0.00017138,0.046285,-0.15849,-0.00053182,-0.0034628,-0.0047646,0.0011069,0.15957
