Cl_pop,1,-0.95379,0.0094677,-0.025351,0.0046761,0.0021214,-0.011571,0.0036975,0.0064779
beta_Cl_tSCRMGDL,-0.95379,1,-0.0049084,0.012195,-0.0060175,-0.0019518,0.0074182,0.0016261,-0.00016693
V1_pop,0.0094677,-0.0049084,1,-0.35968,0.0045909,0.26645,-0.42312,0.13204,0.037581
V2_pop,-0.025351,0.012195,-0.35968,1,-0.015693,-0.29302,0.53309,-0.39526,-0.099493
omega_Cl,0.0046761,-0.0060175,0.0045909,-0.015693,1,-0.013881,0.0088718,0.0052469,-0.0092486
omega_V1,0.0021214,-0.0019518,0.26645,-0.29302,-0.013881,1,-0.52331,-0.022234,-0.03031
omega_Q,-0.011571,0.0074182,-0.42312,0.53309,0.0088718,-0.52331,1,-0.13544,-0.082865
omega_V2,0.0036975,0.0016261,0.13204,-0.39526,0.0052469,-0.022234,-0.13544,1,0.012502
a,0.0064779,-0.00016693,0.037581,-0.099493,-0.0092486,-0.03031,-0.082865,0.012502,1
