Cl_pop,16.435,-0.70798,0.096174,-0.37906,0.00081248,0.00082098,-0.023724,0.0034072,0.0052448
beta_Cl_tSCRMGDL,-0.70798,0.033524,-0.0022518,0.0082356,-4.722e-5,-3.4114e-5,0.00068691,6.7675e-5,-6.1041e-6
V1_pop,0.096174,-0.0022518,6.2784,-3.324,0.00049301,0.063734,-0.53619,0.075202,0.018806
V2_pop,-0.37906,0.0082356,-3.324,13.603,-0.0024807,-0.10317,0.99437,-0.33136,-0.073286
omega_Cl,0.00081248,-4.722e-5,0.00049301,-0.0024807,0.0018369,-5.6793e-5,0.0001923,5.1113e-5,-7.9162e-5
omega_V1,0.00082098,-3.4114e-5,0.063734,-0.10317,-5.6793e-5,0.0091127,-0.025264,-0.00048243,-0.00057785
omega_Q,-0.023724,0.00068691,-0.53619,0.99437,0.0001923,-0.025264,0.25577,-0.01557,-0.0083696
omega_V2,0.0034072,6.7675e-5,0.075202,-0.33136,5.1113e-5,-0.00048243,-0.01557,0.051664,0.00056751
a,0.0052448,-6.1041e-6,0.018806,-0.073286,-7.9162e-5,-0.00057785,-0.0083696,0.00056751,0.039885
