Cl_pop,16.442,-0.7081,0.1304,-0.48161,-0.0008395,0.0016597,-0.024438,0.0046849,0.017438
beta_Cl_tSCRMGDL,-0.7081,0.033518,-0.0034076,0.0096099,3.3158e-5,-0.00012021,0.00068471,0.00014046,-0.000566
V1_pop,0.1304,-0.0034076,5.7718,-2.4018,-0.00052449,-0.051017,-0.22444,0.14898,0.074703
V2_pop,-0.48161,0.0096099,-2.4018,17.06,-6.1147e-5,0.020442,0.55021,-0.28862,-0.17409
omega_Cl,-0.0008395,3.3158e-5,-0.00052449,-6.1147e-5,0.0018759,-6.0075e-5,0.00039184,-0.00015785,-0.0002705
omega_V1,0.0016597,-0.00012021,-0.051017,0.020442,-6.0075e-5,0.0051888,-0.0011648,-0.0024538,-0.0012347
omega_Q,-0.024438,0.00068471,-0.22444,0.55021,0.00039184,-0.0011648,0.10672,-0.020599,-0.0122
omega_V2,0.0046849,0.00014046,0.14898,-0.28862,-0.00015785,-0.0024538,-0.020599,0.057326,0.0042596
a,0.017438,-0.000566,0.074703,-0.17409,-0.0002705,-0.0012347,-0.0122,0.0042596,0.044356
