Cl_pop,16.435,-0.70377,0.10744,-0.75611,0.0034729,0.001473,-0.057379,0.0089706,0.011494
beta_Cl_tSCRMGDL,-0.70377,0.035621,-0.0023648,0.011553,0.0021846,-0.00014644,0.0015771,-9.7711e-5,-0.00040973
V1_pop,0.10744,-0.0023648,4.9978,-1.6918,0.00036995,-0.019862,-0.13225,0.091974,0.037091
V2_pop,-0.75611,0.011553,-1.6918,21.274,-0.0048822,-0.018402,1.2186,-0.32232,-0.16213
omega_Cl,0.0034729,0.0021846,0.00036995,-0.0048822,0.0022214,-3.844e-5,7.4114e-6,-9.7897e-5,-0.00029118
omega_V1,0.001473,-0.00014644,-0.019862,-0.018402,-3.844e-5,0.005384,-0.0047559,-0.00057351,-0.0011469
omega_Q,-0.057379,0.0015771,-0.13225,1.2186,7.4114e-6,-0.0047559,0.1954,-0.034208,-0.0075081
omega_V2,0.0089706,-9.7711e-5,0.091974,-0.32232,-9.7897e-5,-0.00057351,-0.034208,0.056284,0.0021099
a,0.011494,-0.00040973,0.037091,-0.16213,-0.00029118,-0.0011469,-0.0075081,0.0021099,0.048493
