Cl_pop,1,-0.95408,-0.0072265,-0.002259,0.011422,-0.01072,0.0091116,-0.00043584,0.010238
beta_Cl_tSCRMGDL,-0.95408,1,0.011359,-0.0090774,-0.013009,0.0098885,-0.018801,0.006237,-0.0049851
V1_pop,-0.0072265,0.011359,1,-0.2577,0.002182,0.11431,-0.30312,0.19857,-0.027835
V2_pop,-0.002259,-0.0090774,-0.2577,1,-0.012065,-0.0071158,0.48926,-0.38147,-0.12353
omega_Cl,0.011422,-0.013009,0.002182,-0.012065,1,-0.0093241,-0.0048849,0.010309,0.0019565
omega_V1,-0.01072,0.0098885,0.11431,-0.0071158,-0.0093241,1,-0.19571,-0.15588,-0.062164
omega_Q,0.0091116,-0.018801,-0.30312,0.48926,-0.0048849,-0.19571,1,-0.25215,-0.076465
omega_V2,-0.00043584,0.006237,0.19857,-0.38147,0.010309,-0.15588,-0.25215,1,0.054644
a,0.010238,-0.0049851,-0.027835,-0.12353,0.0019565,-0.062164,-0.076465,0.054644,1
