Cl_pop,1,-0.95336,0.0028188,-0.037237,0.0021145,0.0091254,-0.0078747,-0.011475,0.0038256
beta_Cl_tSCRMGDL,-0.95336,1,-0.0011186,0.017484,0.0017275,-0.013167,0.012114,0.013585,0.0073258
V1_pop,0.0028188,-0.0011186,1,-0.063133,0.0097023,-0.16918,0.045713,0.14557,0.029429
V2_pop,-0.037237,0.017484,-0.063133,1,-0.041814,-0.10649,0.29392,0.043172,-0.069485
omega_Cl,0.0021145,0.0017275,0.0097023,-0.041814,1,-0.0045238,-0.0015238,-0.017255,-0.11728
omega_V1,0.0091254,-0.013167,-0.16918,-0.10649,-0.0045238,1,-0.32786,-0.083004,-0.091807
omega_Q,-0.0078747,0.012114,0.045713,0.29392,-0.0015238,-0.32786,1,-0.083626,0.1069
omega_V2,-0.011475,0.013585,0.14557,0.043172,-0.017255,-0.083004,-0.083626,1,-0.056687
a,0.0038256,0.0073258,0.029429,-0.069485,-0.11728,-0.091807,0.1069,-0.056687,1
