Cl_pop,17.14,-0.73522,0.026257,-0.58979,0.00040972,0.0031063,-0.018605,-0.011604,0.010475
beta_Cl_tSCRMGDL,-0.73522,0.034698,-0.00046881,0.012459,1.5061e-5,-0.00020166,0.0012878,0.0006181,0.00090251
V1_pop,0.026257,-0.00046881,5.0625,-0.54344,0.0010217,-0.031299,0.058697,0.080001,0.043792
V2_pop,-0.58979,0.012459,-0.54344,14.636,-0.0074872,-0.033498,0.64172,0.040342,-0.17581
omega_Cl,0.00040972,1.5061e-5,0.0010217,-0.0074872,0.0021905,-1.7409e-5,-4.0702e-5,-0.00019726,-0.0036303
omega_V1,0.0031063,-0.00020166,-0.031299,-0.033498,-1.7409e-5,0.0067604,-0.015384,-0.001667,-0.0049923
omega_Q,-0.018605,0.0012878,0.058697,0.64172,-4.0702e-5,-0.015384,0.32569,-0.011657,0.040348
omega_V2,-0.011604,0.0006181,0.080001,0.040342,-0.00019726,-0.001667,-0.011657,0.059662,-0.0091572
a,0.010475,0.00090251,0.043792,-0.17581,-0.0036303,-0.0049923,0.040348,-0.0091572,0.4374
