Cl_pop,1,-0.95363,0.0055065,-0.018508,-0.0054231,0.012452,-0.010317,-0.0028454,0.011717
beta_Cl_tSCRMGDL,-0.95363,1,-0.0028018,0.0026465,-0.0054657,-0.011979,0.0061553,0.011473,-0.004367
V1_pop,0.0055065,-0.0028018,1,-0.17143,-0.0034834,-0.19274,-0.039536,0.1471,0.058763
V2_pop,-0.018508,0.0026465,-0.17143,1,-0.0091443,-0.0085641,0.35282,-0.67953,-0.15658
omega_Cl,-0.0054231,-0.0054657,-0.0034834,-0.0091443,1,-0.017042,0.02081,0.00036403,-0.019495
omega_V1,0.012452,-0.011979,-0.19274,-0.0085641,-0.017042,1,-0.13223,-0.063564,0.040101
omega_Q,-0.010317,0.0061553,-0.039536,0.35282,0.02081,-0.13223,1,-0.23627,-0.15772
omega_V2,-0.0028454,0.011473,0.1471,-0.67953,0.00036403,-0.063564,-0.23627,1,0.025017
a,0.011717,-0.004367,0.058763,-0.15658,-0.019495,0.040101,-0.15772,0.025017,1
