Cl_pop,16.416,-0.707,0.047451,-0.2255,-0.00091974,0.0034271,-0.018948,-0.0026873,0.009389
beta_Cl_tSCRMGDL,-0.707,0.033482,-0.0010904,0.0014562,-4.1863e-5,-0.0001489,0.00051054,0.00048933,-0.00015803
V1_pop,0.047451,-0.0010904,4.5235,-1.0964,-0.00031012,-0.027846,-0.038116,0.072928,0.024717
V2_pop,-0.2255,0.0014562,-1.0964,9.0426,-0.001151,-0.0017494,0.48092,-0.47631,-0.09312
omega_Cl,-0.00091974,-4.1863e-5,-0.00031012,-0.001151,0.0017521,-4.8457e-5,0.00039485,3.5518e-6,-0.00016139
omega_V1,0.0034271,-0.0001489,-0.027846,-0.0017494,-4.8457e-5,0.0046144,-0.0040714,-0.0010065,0.00053873
omega_Q,-0.018948,0.00051054,-0.038116,0.48092,0.00039485,-0.0040714,0.20547,-0.024964,-0.014139
omega_V2,-0.0026873,0.00048933,0.072928,-0.47631,3.5518e-6,-0.0010065,-0.024964,0.054333,0.0011533
a,0.009389,-0.00015803,0.024717,-0.09312,-0.00016139,0.00053873,-0.014139,0.0011533,0.039113
