Cl_pop,1,-0.89804,0.013428,-0.02632,-0.0029895,0.0095827,-0.019459,-0.0064649,0.016002
beta_Cl_tSCRMGDL,-0.89804,1,-0.014647,0.0086133,0.33981,-0.018599,0.021534,0.0077944,-0.013228
V1_pop,0.013428,-0.014647,1,-0.2487,-0.016381,0.2496,-0.31734,0.096299,0.10006
V2_pop,-0.02632,0.0086133,-0.2487,1,-0.0092836,-0.23138,0.4392,-0.086289,-0.18943
omega_Cl,-0.0029895,0.33981,-0.016381,-0.0092836,1,-0.030322,0.020482,-0.0018263,-0.023503
omega_V1,0.0095827,-0.018599,0.2496,-0.23138,-0.030322,1,-0.43614,-0.078252,0.05858
omega_Q,-0.019459,0.021534,-0.31734,0.4392,0.020482,-0.43614,1,-0.061281,-0.20653
omega_V2,-0.0064649,0.0077944,0.096299,-0.086289,-0.0018263,-0.078252,-0.061281,1,-0.008165
a,0.016002,-0.013228,0.10006,-0.18943,-0.023503,0.05858,-0.20653,-0.008165,1
