Cl_pop,1,-0.95348,0.0082369,-0.017963,-0.01492,-0.0080333,-0.011471,0.0026301,0.012736
beta_Cl_tSCRMGDL,-0.95348,1,-0.0023703,-0.0019807,0.0041135,0.0026452,0.0083973,0.009642,-0.0022562
V1_pop,0.0082369,-0.0023703,1,-0.2028,0.0064059,-0.291,-0.045519,0.17248,0.08286
V2_pop,-0.017963,-0.0019807,-0.2028,1,-0.011805,0.1138,0.32261,-0.76373,-0.12957
omega_Cl,-0.01492,0.0041135,0.0064059,-0.011805,1,-0.006692,0.00010771,-0.0045144,-0.019086
omega_V1,-0.0080333,0.0026452,-0.291,0.1138,-0.006692,1,-0.0099485,-0.13186,-0.044116
omega_Q,-0.011471,0.0083973,-0.045519,0.32261,0.00010771,-0.0099485,1,-0.21712,-0.029241
omega_V2,0.0026301,0.009642,0.17248,-0.76373,-0.0045144,-0.13186,-0.21712,1,0.028476
a,0.012736,-0.0022562,0.08286,-0.12957,-0.019086,-0.044116,-0.029241,0.028476,1
