Cl_pop,16.411,-0.70641,0.072666,-0.22682,-0.0025763,-0.0022011,-0.021554,0.0025813,0.01014
beta_Cl_tSCRMGDL,-0.70641,0.033445,-0.00094399,-0.0011291,3.2065e-5,3.2719e-5,0.00071227,0.00042719,-8.1094e-5
V1_pop,0.072666,-0.00094399,4.7423,-1.3766,0.00059459,-0.042861,-0.045975,0.090995,0.035463
V2_pop,-0.22682,-0.0011291,-1.3766,9.7159,-0.0015684,0.023992,0.46639,-0.57673,-0.079377
omega_Cl,-0.0025763,3.2065e-5,0.00059459,-0.0015684,0.0018167,-1.9292e-5,2.1293e-6,-4.6616e-5,-0.00015988
omega_V1,-0.0022011,3.2719e-5,-0.042861,0.023992,-1.9292e-5,0.0045745,-0.00031208,-0.0021606,-0.00058641
omega_Q,-0.021554,0.00071227,-0.045975,0.46639,2.1293e-6,-0.00031208,0.21512,-0.024396,-0.0026655
omega_V2,0.0025813,0.00042719,0.090995,-0.57673,-4.6616e-5,-0.0021606,-0.024396,0.058692,0.0013558
a,0.01014,-8.1094e-5,0.035463,-0.079377,-0.00015988,-0.00058641,-0.0026655,0.0013558,0.038626
