Cl_pop,1,-0.93655,nan,0.57053,0.036283,-0.57144,0.57127,-0.56925,0.56483
beta_Cl_tSCRMGDL,-0.93655,1,nan,-0.77689,-0.033463,0.77753,-0.77733,0.77499,-0.7685
V1_pop,nan,nan,nan,nan,nan,nan,nan,nan,nan
V2_pop,0.57053,-0.77689,nan,1,0.034484,-0.9992,0.99908,-0.99744,0.98749
omega_Cl,0.036283,-0.033463,nan,0.034484,1,-0.035246,0.035151,-0.034404,0.031563
omega_V1,-0.57144,0.77753,nan,-0.9992,-0.035246,1,-0.99958,0.99658,-0.98876
omega_Q,0.57127,-0.77733,nan,0.99908,0.035151,-0.99958,1,-0.99656,0.98797
omega_V2,-0.56925,0.77499,nan,-0.99744,-0.034404,0.99658,-0.99656,1,-0.98493
a,0.56483,-0.7685,nan,0.98749,0.031563,-0.98876,0.98797,-0.98493,1
