Cl_pop,24.482,-1.3515,nan,264.23,0.0076746,-12.957,19.757,-8.1906,3.7773
beta_Cl_tSCRMGDL,-1.3515,0.085055,nan,-21.207,-0.0004172,1.0391,-1.5845,0.65726,-0.30292
V1_pop,nan,nan,nan,nan,nan,nan,nan,nan,nan
V2_pop,264.23,-21.207,nan,8761.1,0.13798,-428.57,653.62,-271.49,124.92
omega_Cl,0.0076746,-0.0004172,nan,0.13798,0.0018275,-0.0069046,0.010503,-0.0042769,0.0018237
omega_V1,-12.957,1.0391,nan,-428.57,-0.0069046,20.999,-32.015,13.28,-6.1238
omega_Q,19.757,-1.5845,nan,653.62,0.010503,-32.015,48.853,-20.255,9.333
omega_V2,-8.1906,0.65726,nan,-271.49,-0.0042769,13.28,-20.255,8.4563,-3.8711
a,3.7773,-0.30292,nan,124.92,0.0018237,-6.1238,9.333,-3.8711,1.8267
