Cl_pop,1,-0.95372,0.0097821,-0.016304,0.021577,0.0077229,-0.010211,-0.0054916,-0.0033046
beta_Cl_tSCRMGDL,-0.95372,1,-0.0035715,0.0043798,-0.018671,-0.003582,0.003885,0.0095409,0.0034837
V1_pop,0.0097821,-0.0035715,1,-0.61944,0.046811,0.58628,-0.65821,0.30388,-0.32587
V2_pop,-0.016304,0.0043798,-0.61944,1,-0.068285,-0.7794,0.87088,-0.31185,0.42738
omega_Cl,0.021577,-0.018671,0.046811,-0.068285,1,0.053052,-0.062719,0.022952,-0.051793
omega_V1,0.0077229,-0.003582,0.58628,-0.7794,0.053052,1,-0.88682,0.24916,-0.50897
omega_Q,-0.010211,0.003885,-0.65821,0.87088,-0.062719,-0.88682,1,-0.33157,0.51917
omega_V2,-0.0054916,0.0095409,0.30388,-0.31185,0.022952,0.24916,-0.33157,1,-0.20816
a,-0.0033046,0.0034837,-0.32587,0.42738,-0.051793,-0.50897,0.51917,-0.20816,1
