Cl_pop,0.84435,0.039352,-0.032463,-0.12451,0.00034775,-0.000802,-0.0033376,0.0035464,0.0028862,0.00015891
V1_pop,0.039352,7.1784,-17.513,-2.0723,0.0020701,0.010152,-0.18908,0.17887,-0.075428,0.0024499
Q_pop,-0.032463,-17.513,136.39,4.9125,-0.0099731,-0.16482,1.0333,-0.50652,0.28958,0.010538
V2_pop,-0.12451,-2.0723,4.9125,15.72,-0.0045593,-0.016385,0.46144,-0.14202,-0.10285,-0.0030567
omega_Cl,0.00034775,0.0020701,-0.0099731,-0.0045593,0.0024214,1.2614e-5,-0.00018945,-6.8705e-5,0.00030687,-2.8635e-5
omega_V1,-0.000802,0.010152,-0.16482,-0.016385,1.2614e-5,0.0062662,-0.0081417,-0.0039946,0.0020483,-0.00023381
omega_Q,-0.0033376,-0.18908,1.0333,0.46144,-0.00018945,-0.0081417,0.12684,-0.0022577,-0.013118,0.00051268
omega_V2,0.0035464,0.17887,-0.50652,-0.14202,-6.8705e-5,-0.0039946,-0.0022577,0.073594,-0.017255,0.0012576
a,0.0028862,-0.075428,0.28958,-0.10285,0.00030687,0.0020483,-0.013118,-0.017255,0.079773,-0.0027242
b,0.00015891,0.0024499,0.010538,-0.0030567,-2.8635e-5,-0.00023381,0.00051268,0.0012576,-0.0027242,0.00027208
