Cl_pop,1,-0.95362,0.00013744,-0.016789,0.0098706,-0.0061681,0.00022754,-0.00016404,0.0058964
beta_Cl_tSCRMGDL,-0.95362,1,-0.00095508,0.00053503,-0.0059709,0.0011246,-0.0017244,0.0083662,-0.00050802
V1_pop,0.00013744,-0.00095508,1,-0.081195,-0.0063344,0.49531,-0.11734,0.081418,0.044953
V2_pop,-0.016789,0.00053503,-0.081195,1,-0.0065202,0.0097726,0.33879,-0.17246,-0.14718
omega_Cl,0.0098706,-0.0059709,-0.0063344,-0.0065202,1,-0.0061139,0.025261,-0.019094,-0.024367
omega_V1,-0.0061681,0.0011246,0.49531,0.0097726,-0.0061139,1,-0.13585,-0.09208,-0.063915
omega_Q,0.00022754,-0.0017244,-0.11734,0.33879,0.025261,-0.13585,1,-0.13512,-0.11695
omega_V2,-0.00016404,0.0083662,0.081418,-0.17246,-0.019094,-0.09208,-0.13512,1,0.10402
a,0.0058964,-0.00050802,0.044953,-0.14718,-0.024367,-0.063915,-0.11695,0.10402,1
