Cl_pop,16.424,-0.7074,0.0015846,-0.25878,0.0017383,-0.0018214,0.00033196,-0.00015083,0.0049463
beta_Cl_tSCRMGDL,-0.7074,0.033505,-0.00049736,0.00037247,-4.7494e-5,1.4999e-5,-0.00011363,0.00034744,-1.9248e-5
V1_pop,0.0015846,-0.00049736,8.0937,-0.87854,-0.0007831,0.10268,-0.12017,0.052553,0.026473
V2_pop,-0.25878,0.00037247,-0.87854,14.465,-0.0010776,0.0027083,0.46385,-0.14882,-0.11587
omega_Cl,0.0017383,-4.7494e-5,-0.0007831,-0.0010776,0.0018883,-1.9359e-5,0.00039517,-0.00018825,-0.00021918
omega_V1,-0.0018214,1.4999e-5,0.10268,0.0027083,-1.9359e-5,0.0053096,-0.0035636,-0.0015223,-0.00096404
omega_Q,0.00033196,-0.00011363,-0.12017,0.46385,0.00039517,-0.0035636,0.12959,-0.011036,-0.0087149
omega_V2,-0.00015083,0.00034744,0.052553,-0.14882,-0.00018825,-0.0015223,-0.011036,0.051475,0.0048849
a,0.0049463,-1.9248e-5,0.026473,-0.11587,-0.00021918,-0.00096404,-0.0087149,0.0048849,0.042847
