Cl_pop,1,-0.95373,0.0045289,-0.018326,0.016271,-0.005421,-0.0057573,-0.0027664,0.0043765
beta_Cl_tSCRMGDL,-0.95373,1,-5.8768e-5,0.0017051,-0.01506,0.0060815,-0.0041998,0.0082474,0.00050247
V1_pop,0.0045289,-5.8768e-5,1,-0.21291,0.0084466,0.056715,-0.24839,0.16517,0.033529
V2_pop,-0.018326,0.0017051,-0.21291,1,-0.018235,-0.16074,0.53947,-0.15515,-0.10139
omega_Cl,0.016271,-0.01506,0.0084466,-0.018235,1,-0.020616,0.0018652,0.0039721,-0.024385
omega_V1,-0.005421,0.0060815,0.056715,-0.16074,-0.020616,1,-0.28165,-0.027788,-0.0076951
omega_Q,-0.0057573,-0.0041998,-0.24839,0.53947,0.0018652,-0.28165,1,-0.26377,-0.066414
omega_V2,-0.0027664,0.0082474,0.16517,-0.15515,0.0039721,-0.027788,-0.26377,1,-0.05732
a,0.0043765,0.00050247,0.033529,-0.10139,-0.024385,-0.0076951,-0.066414,-0.05732,1
