Cl_pop,1,-0.95372,0.0077259,-0.028088,0.019749,0.003605,-0.013426,-0.0016567,0.012276
beta_Cl_tSCRMGDL,-0.95372,1,-0.00089761,0.010996,-0.016965,-0.0065444,0.005619,0.0085534,-0.0058079
V1_pop,0.0077259,-0.00089761,1,-0.35337,0.016754,-0.28279,-0.36241,0.40323,0.045917
V2_pop,-0.028088,0.010996,-0.35337,1,-0.030504,0.01521,0.54909,-0.37419,-0.18641
omega_Cl,0.019749,-0.016965,0.016754,-0.030504,1,-0.014086,-0.011295,0.015231,-0.0090944
omega_V1,0.003605,-0.0065444,-0.28279,0.01521,-0.014086,1,-0.077996,-0.16449,-0.010793
omega_Q,-0.013426,0.005619,-0.36241,0.54909,-0.011295,-0.077996,1,-0.37687,-0.18593
omega_V2,-0.0016567,0.0085534,0.40323,-0.37419,0.015231,-0.16449,-0.37687,1,0.039392
a,0.012276,-0.0058079,0.045917,-0.18641,-0.0090944,-0.010793,-0.18593,0.039392,1
