Cl_pop,16.626,-0.71607,1.5867,-4.1763,0.0015774,0.076951,-0.72103,0.010745,-0.023696
beta_Cl_tSCRMGDL,-0.71607,0.033874,-0.070454,0.17296,-6.1253e-5,-0.0034058,0.031397,-0.00032783,0.0012175
V1_pop,1.5867,-0.070454,23.479,-34.129,-0.002464,0.83258,-6.4204,0.16425,-0.23645
V2_pop,-4.1763,0.17296,-34.129,91.868,-0.0003633,-1.6501,15.106,-0.35696,0.49369
omega_Cl,0.0015774,-6.1253e-5,-0.002464,-0.0003633,0.00185,-0.0001217,0.00064156,-3.6953e-5,-5.2964e-5
omega_V1,0.076951,-0.0034058,0.83258,-1.6501,-0.0001217,0.040097,-0.31416,0.0058749,-0.012967
omega_Q,-0.72103,0.031397,-6.4204,15.106,0.00064156,-0.31416,2.9038,-0.068003,0.10948
omega_V2,0.010745,-0.00032783,0.16425,-0.35696,-3.6953e-5,0.0058749,-0.068003,0.043934,-0.0022082
a,-0.023696,0.0012175,-0.23645,0.49369,-5.2964e-5,-0.012967,0.10948,-0.0022082,0.044753
