Cl_pop,1,-0.95382,-0.0081566,-0.027399,0.01896,-0.0048212,0.0027801,-0.038894,0.0028776
beta_Cl_tSCRMGDL,-0.95382,1,0.0053481,0.016963,-0.016207,0.0016656,0.0011274,0.032428,-0.00040237
V1_pop,-0.0081566,0.0053481,1,-0.2299,-0.025825,0.35226,-0.38196,0.087175,0.039586
V2_pop,-0.027399,0.016963,-0.2299,1,0.011526,-0.44317,0.53538,0.37072,-0.026813
omega_Cl,0.01896,-0.016207,-0.025825,0.011526,1,-0.047273,0.05118,-0.0070899,-0.014245
omega_V1,-0.0048212,0.0016656,0.35226,-0.44317,-0.047273,1,-0.67772,-0.17981,-0.067443
omega_Q,0.0027801,0.0011274,-0.38196,0.53538,0.05118,-0.67772,1,0.089771,0.01531
omega_V2,-0.038894,0.032428,0.087175,0.37072,-0.0070899,-0.17981,0.089771,1,-0.0049084
a,0.0028776,-0.00040237,0.039586,-0.026813,-0.014245,-0.067443,0.01531,-0.0049084,1
