Cl_pop,16.457,-0.7083,0.059307,-0.40484,0.00186,-0.00056638,-0.024022,0.0015783,0.012448
beta_Cl_tSCRMGDL,-0.7083,0.033516,-0.0021349,0.0069773,-6.9668e-5,3.2793e-5,0.00035639,0.00013017,-0.00035036
V1_pop,0.059307,-0.0021349,4.9253,-0.89885,1.5761e-5,0.017892,-0.0061619,0.059256,0.0041922
V2_pop,-0.40484,0.0069773,-0.89885,14.637,-0.001889,-0.046888,0.68518,-0.14302,-0.12248
omega_Cl,0.00186,-6.9668e-5,1.5761e-5,-0.001889,0.0017985,-8.7217e-5,0.00026226,-2.0738e-5,-9.0653e-5
omega_V1,-0.00056638,3.2793e-5,0.017892,-0.046888,-8.7217e-5,0.0072713,-0.010655,-0.00079556,-0.00078009
omega_Q,-0.024022,0.00035639,-0.0061619,0.68518,0.00026226,-0.010655,0.16019,-0.012772,-0.013063
omega_V2,0.0015783,0.00013017,0.059256,-0.14302,-2.0738e-5,-0.00079556,-0.012772,0.050417,-4.345e-5
a,0.012448,-0.00035036,0.0041922,-0.12248,-9.0653e-5,-0.00078009,-0.013063,-4.345e-5,0.044642
