Cl_pop,25.547,-0.83469,0.08523,-0.72915,0.078593,-0.0031003,-0.025998,0.0032055,0.031785
beta_Cl_tSCRMGDL,-0.83469,0.033569,-0.0018142,0.012282,3.5618e-5,7.3864e-6,0.00098614,0.00020134,-0.00054384
V1_pop,0.08523,-0.0018142,5.3181,-1.5655,-8.3389e-5,0.020362,-0.16173,0.076175,0.019408
V2_pop,-0.72915,0.012282,-1.5655,13.822,-0.0034324,-0.042141,0.40779,-0.071192,-0.15298
omega_Cl,0.078593,3.5618e-5,-8.3389e-5,-0.0034324,0.0023248,-6.3845e-5,0.00011814,3.5788e-5,4.5627e-5
omega_V1,-0.0031003,7.3864e-6,0.020362,-0.042141,-6.3845e-5,0.0078347,-0.0098429,-0.0025044,-0.00014356
omega_Q,-0.025998,0.00098614,-0.16173,0.40779,0.00011814,-0.0098429,0.10026,-0.0010579,-0.0088132
omega_V2,0.0032055,0.00020134,0.076175,-0.071192,3.5788e-5,-0.0025044,-0.0010579,0.048998,0.0012509
a,0.031785,-0.00054384,0.019408,-0.15298,4.5627e-5,-0.00014356,-0.0088132,0.0012509,0.042652
