Cl_pop,16.766,-0.72108,0.74294,-1.4268,0.0019164,0.03239,-0.18331,-0.0090102,0.021469
beta_Cl_tSCRMGDL,-0.72108,0.034097,-0.028786,0.047635,-5.874e-5,-0.0013618,0.0073648,0.0006022,-0.00051809
V1_pop,0.74294,-0.028786,12.913,-13.222,-0.010914,0.38587,-2.1341,-0.011562,0.1881
V2_pop,-1.4268,0.047635,-13.222,32.251,0.014329,-0.61764,3.5609,0.042527,-0.43639
omega_Cl,0.0019164,-5.874e-5,-0.010914,0.014329,0.0019824,-0.00063464,0.0031058,4.7308e-5,-0.00081567
omega_V1,0.03239,-0.0013618,0.38587,-0.61764,-0.00063464,0.026724,-0.10903,-0.0056327,0.006194
omega_Q,-0.18331,0.0073648,-2.1341,3.5609,0.0031058,-0.10903,0.65703,0.011494,-0.04984
omega_V2,-0.0090102,0.0006022,-0.011562,0.042527,4.7308e-5,-0.0056327,0.011494,0.052383,0.0014804
a,0.021469,-0.00051809,0.1881,-0.43639,-0.00081567,0.006194,-0.04984,0.0014804,0.10644
