Cl_pop,1,-0.9536,0.021457,-0.035272,0.013384,-0.0077503,-0.028877,0.0067019,0.0040929
beta_Cl_tSCRMGDL,-0.9536,1,-0.014301,0.020775,-0.0096981,0.0011239,0.023874,-0.00099713,-0.0019897
V1_pop,0.021457,-0.014301,1,-0.41791,0.0079017,-0.36183,-0.42873,0.41329,-0.12213
V2_pop,-0.035272,0.020775,-0.41791,1,-0.021793,0.20132,0.58883,-0.38979,0.099896
omega_Cl,0.013384,-0.0096981,0.0079017,-0.021793,1,-0.023616,-0.00099471,0.0047348,-0.012672
omega_V1,-0.0077503,0.0011239,-0.36183,0.20132,-0.023616,1,0.097343,-0.32034,0.065902
omega_Q,-0.028877,0.023874,-0.42873,0.58883,-0.00099471,0.097343,1,-0.39944,0.18362
omega_V2,0.0067019,-0.00099713,0.41329,-0.38979,0.0047348,-0.32034,-0.39944,1,-0.18066
a,0.0040929,-0.0019897,-0.12213,0.099896,-0.012672,0.065902,0.18362,-0.18066,1
