Cl_pop,16.438,-0.70764,0.24927,-0.63432,0.0023495,-0.0029096,-0.05106,0.0069978,0.0034832
beta_Cl_tSCRMGDL,-0.70764,0.0335,-0.0074999,0.016866,-7.6857e-5,1.9048e-5,0.0019057,-4.7001e-5,-7.6441e-5
V1_pop,0.24927,-0.0074999,8.2103,-5.3115,0.00098033,-0.096001,-0.53576,0.30498,-0.073455
V2_pop,-0.63432,0.016866,-5.3115,19.675,-0.0041855,0.082687,1.1391,-0.44527,0.093009
omega_Cl,0.0023495,-7.6857e-5,0.00098033,-0.0041855,0.0018748,-9.4684e-5,-1.8784e-5,5.2798e-5,-0.00011517
omega_V1,-0.0029096,1.9048e-5,-0.096001,0.082687,-9.4684e-5,0.0085737,0.0039309,-0.0076389,0.0012809
omega_Q,-0.05106,0.0019057,-0.53576,1.1391,-1.8784e-5,0.0039309,0.1902,-0.044863,0.016809
omega_V2,0.0069978,-4.7001e-5,0.30498,-0.44527,5.2798e-5,-0.0076389,-0.044863,0.066324,-0.009766
a,0.0034832,-7.6441e-5,-0.073455,0.093009,-0.00011517,0.0012809,0.016809,-0.009766,0.044059
