Cl_pop,16.487,-0.70923,0.10537,-0.71988,0.00066256,0.004826,-0.073087,0.0058117,0.029305
beta_Cl_tSCRMGDL,-0.70923,0.033548,-0.0027268,0.014343,-4.439e-5,-0.00012318,0.0014999,0.00014833,-0.00078891
V1_pop,0.10537,-0.0027268,5.0093,-1.91,-0.00048602,-0.030979,-0.25195,0.1167,0.030269
V2_pop,-0.71988,0.014343,-1.91,18.177,0.00022588,-0.088957,1.4024,-0.28062,-0.21491
omega_Cl,0.00066256,-4.439e-5,-0.00048602,0.00022588,0.0018261,-0.00012333,0.00076954,-1.9006e-5,-0.00025797
omega_V1,0.004826,-0.00012318,-0.030979,-0.088957,-0.00012333,0.0082132,-0.021007,0.00013354,0.0019425
omega_Q,-0.073087,0.0014999,-0.25195,1.4024,0.00076954,-0.021007,0.31141,-0.043539,-0.030519
omega_V2,0.0058117,0.00014833,0.1167,-0.28062,-1.9006e-5,0.00013354,-0.043539,0.057231,0.0039103
a,0.029305,-0.00078891,0.030269,-0.21491,-0.00025797,0.0019425,-0.030519,0.0039103,0.04232
