Cl_pop,4412.3,2.7961,-23.915,-56.236,55.461,-1.4276,10.279,3.6311,-0.89991
beta_Cl_tSCRMGDL,2.7961,0.036902,-0.026937,-0.030835,0.047914,-0.0015583,0.011708,0.0035068,-0.0013202
V1_pop,-23.915,-0.026937,5.5455,-1.3649,-0.30572,0.012384,-0.23312,0.081006,0.023542
V2_pop,-56.236,-0.030835,-1.3649,15.764,-0.70195,-0.060817,0.75073,-0.10773,-0.059452
omega_Cl,55.461,0.047914,-0.30572,-0.70195,0.70221,-0.018158,0.1311,0.046014,-0.011916
omega_V1,-1.4276,-0.0015583,0.012384,-0.060817,-0.018158,0.0095914,-0.027569,-0.0055879,-0.0022743
omega_Q,10.279,0.011708,-0.23312,0.75073,0.1311,-0.027569,0.27415,0.0089395,0.0028681
omega_V2,3.6311,0.0035068,0.081006,-0.10773,0.046014,-0.0055879,0.0089395,0.060344,0.00021891
a,-0.89991,-0.0013202,0.023542,-0.059452,-0.011916,-0.0022743,0.0028681,0.00021891,0.045688
