Cl_pop,1,-0.95381,0.0036178,-0.026538,0.015107,0.00045487,-0.011104,-0.0078099,0.010945
beta_Cl_tSCRMGDL,-0.95381,1,-0.0024223,0.015107,-0.012784,-0.0046865,0.011207,0.0099134,-0.0046042
V1_pop,0.0036178,-0.0024223,1,-0.13017,-0.00051656,-0.017828,-0.1174,0.1692,0.012146
V2_pop,-0.026538,0.015107,-0.13017,1,-0.0094895,-0.13899,0.37811,-0.10829,-0.10759
omega_Cl,0.015107,-0.012784,-0.00051656,-0.0094895,1,-0.019211,0.02118,-0.008795,-0.01237
omega_V1,0.00045487,-0.0046865,-0.017828,-0.13899,-0.019211,1,-0.35489,-0.13083,-0.0070165
omega_Q,-0.011104,0.011207,-0.1174,0.37811,0.02118,-0.35489,1,-0.068212,-0.087463
omega_V2,-0.0078099,0.0099134,0.1692,-0.10829,-0.008795,-0.13083,-0.068212,1,-0.040463
a,0.010945,-0.0046042,0.012146,-0.10759,-0.01237,-0.0070165,-0.087463,-0.040463,1
