Cl_pop,1,-0.93209,0.033245,-0.038118,0.015655,0.029199,-0.033224,0.023471,0.012874
beta_Cl_tSCRMGDL,-0.93209,1,0.045413,-0.045908,-0.21876,0.05026,-0.050672,0.042561,-0.0049426
V1_pop,0.033245,0.045413,1,-0.91227,-0.09557,0.87649,-0.92433,0.7278,0.05286
V2_pop,-0.038118,-0.045908,-0.91227,1,0.098463,-0.91526,0.96848,-0.75665,-0.067244
omega_Cl,0.015655,-0.21876,-0.09557,0.098463,1,-0.10553,0.10741,-0.080025,-0.024516
omega_V1,0.029199,0.05026,0.87649,-0.91526,-0.10553,1,-0.94378,0.67539,0.022152
omega_Q,-0.033224,-0.050672,-0.92433,0.96848,0.10741,-0.94378,1,-0.74472,-0.050682
omega_V2,0.023471,0.042561,0.7278,-0.75665,-0.080025,0.67539,-0.74472,1,0.027275
a,0.012874,-0.0049426,0.05286,-0.067244,-0.024516,0.022152,-0.050682,0.027275,1
