Cl_pop,16.28,-0.7019,0.013807,-0.22673,0.0022878,-0.00045289,-0.0095008,0.0009703,0.0054824
beta_Cl_tSCRMGDL,-0.7019,0.033259,8.3234e-5,0.002003,-8.6087e-5,-7.1833e-8,0.00018658,0.00020799,-0.00010563
V1_pop,0.013807,8.3234e-5,4.9664,-1.5541,-0.00052276,-0.018358,-0.11884,0.11712,0.026904
V2_pop,-0.22673,0.002003,-1.5541,14.652,-0.00086285,0.020001,0.49601,-0.2913,-0.11396
omega_Cl,0.0022878,-8.6087e-5,-0.00052276,-0.00086285,0.0017869,-1.9921e-5,0.000195,-3.9875e-5,-0.0001137
omega_V1,-0.00045289,-7.1833e-8,-0.018358,0.020001,-1.9921e-5,0.00394,0.00085966,-0.0017916,-0.00074438
omega_Q,-0.0095008,0.00018658,-0.11884,0.49601,0.000195,0.00085966,0.099751,-0.022244,-0.010226
omega_V2,0.0009703,0.00020799,0.11712,-0.2913,-3.9875e-5,-0.0017916,-0.022244,0.054844,0.0039477
a,0.0054824,-0.00010563,0.026904,-0.11396,-0.0001137,-0.00074438,-0.010226,0.0039477,0.022633
