Cl_pop,1,-0.95379,0.018569,-0.033447,0.012334,-0.012363,-0.025254,0.0043448,0.014143
beta_Cl_tSCRMGDL,-0.95379,1,-0.012711,0.01778,-0.0097176,0.0036764,0.018713,0.0014965,-0.0076467
V1_pop,0.018569,-0.012711,1,-0.21113,0.0028433,-0.1914,-0.20661,0.21095,0.086472
V2_pop,-0.033447,0.01778,-0.21113,1,-0.014449,0.08541,0.38312,-0.22937,-0.12548
omega_Cl,0.012334,-0.0097176,0.0028433,-0.014449,1,-0.031263,0.020207,-0.00014059,-0.0071942
omega_V1,-0.012363,0.0036764,-0.1914,0.08541,-0.031263,1,-0.036707,-0.11074,-0.097351
omega_Q,-0.025254,0.018713,-0.20661,0.38312,0.020207,-0.036707,1,-0.20015,-0.076311
omega_V2,0.0043448,0.0014965,0.21095,-0.22937,-0.00014059,-0.11074,-0.20015,1,0.0067013
a,0.014143,-0.0076467,0.086472,-0.12548,-0.0071942,-0.097351,-0.076311,0.0067013,1
