Cl_pop,16.427,-0.70726,0.17604,-0.51351,0.0021283,-0.0037204,-0.037768,0.0042738,0.010492
beta_Cl_tSCRMGDL,-0.70726,0.033472,-0.0054397,0.012322,-7.5692e-5,4.994e-5,0.0012633,6.6447e-5,-0.00025606
V1_pop,0.17604,-0.0054397,5.4712,-1.8707,0.00028315,-0.03324,-0.17832,0.11975,0.037021
V2_pop,-0.51351,0.012322,-1.8707,14.349,-0.0023302,0.024022,0.53551,-0.21087,-0.087003
omega_Cl,0.0021283,-7.5692e-5,0.00028315,-0.0023302,0.0018125,-9.8824e-5,0.00031744,-1.4527e-6,-5.6061e-5
omega_V1,-0.0037204,4.994e-5,-0.03324,0.024022,-9.8824e-5,0.0055127,-0.0010056,-0.0019954,-0.001323
omega_Q,-0.037768,0.0012633,-0.17832,0.53551,0.00031744,-0.0010056,0.13616,-0.017925,-0.0051539
omega_V2,0.0042738,6.6447e-5,0.11975,-0.21087,-1.4527e-6,-0.0019954,-0.017925,0.058902,0.00029769
a,0.010492,-0.00025606,0.037021,-0.087003,-5.6061e-5,-0.001323,-0.0051539,0.00029769,0.033502
