Cl_pop,0.86049,0.13637,-0.22669,-0.27038,0.0003421,0.0030996,-0.02932,0.0029373,0.0063115
V1_pop,0.13637,14.213,-32.686,-11.992,-0.0051788,0.25928,-1.7689,0.12394,0.26173
Q_pop,-0.22669,-32.686,216.48,15.375,-0.0058731,-0.27392,0.29556,-0.51006,0.070774
V2_pop,-0.27038,-11.992,15.375,27.693,0.010035,-0.42011,3.4359,-0.15088,-0.557
omega_Cl,0.0003421,-0.0051788,-0.0058731,0.010035,0.0024443,-0.0004401,0.0029,0.00010351,-0.00061049
omega_V1,0.0030996,0.25928,-0.27392,-0.42011,-0.0004401,0.017305,-0.085944,-0.0043259,0.012781
omega_Q,-0.02932,-1.7689,0.29556,3.4359,0.0029,-0.085944,0.72707,0.0035166,-0.11073
omega_V2,0.0029373,0.12394,-0.51006,-0.15088,0.00010351,-0.0043259,0.0035166,0.055561,-0.0030405
a,0.0063115,0.26173,0.070774,-0.557,-0.00061049,0.012781,-0.11073,-0.0030405,0.060677
