Cl_pop,16.551,-0.71256,0.10866,-0.43836,0.00058226,0.0031382,-0.02291,-0.0065557,0.0096222
beta_Cl_tSCRMGDL,-0.71256,0.033727,-0.0021294,0.0076645,-3.2322e-5,-4.8696e-5,0.00034521,0.00031703,-0.00032997
V1_pop,0.10866,-0.0021294,6.8877,-3.4555,-0.0012671,0.097323,-0.48603,0.025263,-0.022222
V2_pop,-0.43836,0.0076645,-3.4555,15.855,-0.00088204,-0.15502,0.89691,-0.02861,0.02654
omega_Cl,0.00058226,-3.2322e-5,-0.0012671,-0.00088204,0.0019345,-0.00017443,0.0005133,-3.2608e-5,-0.00032528
omega_V1,0.0031382,-4.8696e-5,0.097323,-0.15502,-0.00017443,0.013068,-0.029448,-0.003921,-0.0030999
omega_Q,-0.02291,0.00034521,-0.48603,0.89691,0.0005133,-0.029448,0.20037,-0.00098459,0.0077553
omega_V2,-0.0065557,0.00031703,0.025263,-0.02861,-3.2608e-5,-0.003921,-0.00098459,0.048037,-0.0021989
a,0.0096222,-0.00032997,-0.022222,0.02654,-0.00032528,-0.0030999,0.0077553,-0.0021989,0.063811
