Cl_pop,1,-0.95334,0.014429,-0.045622,0.0061831,0.011601,-0.027443,-0.006326,0.025114
beta_Cl_tSCRMGDL,-0.95334,1,-0.013961,0.029986,-0.0055279,-0.018322,0.032263,0.011119,-0.014253
V1_pop,0.014429,-0.013961,1,-0.17499,-0.0077214,0.0039269,-0.1959,0.16016,0.079192
V2_pop,-0.045622,0.029986,-0.17499,1,-0.011452,-0.1525,0.38013,-0.017565,-0.1899
omega_Cl,0.0061831,-0.0055279,-0.0077214,-0.011452,1,-0.018962,0.034229,-0.033907,-0.080656
omega_V1,0.011601,-0.018322,0.0039269,-0.1525,-0.018962,1,-0.3503,-0.10374,-0.036826
omega_Q,-0.027443,0.032263,-0.1959,0.38013,0.034229,-0.3503,1,-0.079728,-0.17756
omega_V2,-0.006326,0.011119,0.16016,-0.017565,-0.033907,-0.10374,-0.079728,1,0.14245
a,0.025114,-0.014253,0.079192,-0.1899,-0.080656,-0.036826,-0.17756,0.14245,1
