Cl_pop,16.828,-0.72287,0.13643,-0.74549,0.00115,0.0042055,-0.048523,-0.0065591,0.047491
beta_Cl_tSCRMGDL,-0.72287,0.034166,-0.0059481,0.022079,-4.6328e-5,-0.00029929,0.0025705,0.00051948,-0.0012145
V1_pop,0.13643,-0.0059481,5.3125,-1.6066,-0.00080691,0.00079988,-0.19462,0.093302,0.084142
V2_pop,-0.74549,0.022079,-1.6066,15.868,-0.0020683,-0.053687,0.65267,-0.017685,-0.3487
omega_Cl,0.00115,-4.6328e-5,-0.00080691,-0.0020683,0.0020557,-7.5978e-5,0.00066892,-0.00038857,-0.0016858
omega_V1,0.0042055,-0.00029929,0.00079988,-0.053687,-7.5978e-5,0.0078101,-0.013344,-0.0023172,-0.0015003
omega_Q,-0.048523,0.0025705,-0.19462,0.65267,0.00066892,-0.013344,0.18578,-0.0086859,-0.03528
omega_V2,-0.0065591,0.00051948,0.093302,-0.017685,-0.00038857,-0.0023172,-0.0086859,0.063885,0.016598
a,0.047491,-0.0012145,0.084142,-0.3487,-0.0016858,-0.0015003,-0.03528,0.016598,0.2125
