Cl_pop,1,-0.95374,-0.0023854,0.019336,0.0059009,-0.034529,0.033412,-0.025995,0.023012
beta_Cl_tSCRMGDL,-0.95374,1,0.0055575,-0.02986,-0.004089,0.03438,-0.037691,0.031881,-0.021112
V1_pop,-0.0023854,0.0055575,1,-0.22354,0.013075,0.055638,-0.20831,0.26376,-0.038443
V2_pop,0.019336,-0.02986,-0.22354,1,-0.030077,-0.66163,0.87006,-0.65754,0.39359
omega_Cl,0.0059009,-0.004089,0.013075,-0.030077,1,0.0093206,-0.020189,0.017544,-0.030009
omega_V1,-0.034529,0.03438,0.055638,-0.66163,0.0093206,1,-0.77866,0.50207,-0.44906
omega_Q,0.033412,-0.037691,-0.20831,0.87006,-0.020189,-0.77866,1,-0.72264,0.47346
omega_V2,-0.025995,0.031881,0.26376,-0.65754,0.017544,0.50207,-0.72264,1,-0.35054
a,0.023012,-0.021112,-0.038443,0.39359,-0.030009,-0.44906,0.47346,-0.35054,1
