Cl_pop,16.44,-0.70826,-0.021805,0.53719,0.0010291,-0.016446,0.23342,-0.037223,0.021568
beta_Cl_tSCRMGDL,-0.70826,0.033544,0.0022947,-0.037472,-3.2212e-5,0.00073968,-0.011894,0.0020621,-0.00089379
V1_pop,-0.021805,0.0022947,5.0823,-3.4529,0.0012678,0.014734,-0.80914,0.20999,-0.020033
V2_pop,0.53719,-0.037472,-3.4529,46.947,-0.0088641,-0.53254,10.271,-1.5911,0.62337
omega_Cl,0.0010291,-3.2212e-5,0.0012678,-0.0088641,0.0018501,4.7095e-5,-0.0014962,0.0002665,-0.00029837
omega_V1,-0.016446,0.00073968,0.014734,-0.53254,4.7095e-5,0.013799,-0.1576,0.020829,-0.012194
omega_Q,0.23342,-0.011894,-0.80914,10.271,-0.0014962,-0.1576,2.9686,-0.43971,0.18856
omega_V2,-0.037223,0.0020621,0.20999,-1.5911,0.0002665,0.020829,-0.43971,0.12472,-0.028616
a,0.021568,-0.00089379,-0.020033,0.62337,-0.00029837,-0.012194,0.18856,-0.028616,0.053432
