Cl_pop,1,-0.95372,-0.0007235,-0.018307,0.0049374,-0.0026988,0.00074093,0.0012344,0.018552
beta_Cl_tSCRMGDL,-0.95372,1,-0.00034735,0.0058288,-0.0021324,0.00076383,-0.00019439,0.0047764,-0.013894
V1_pop,-0.0007235,-0.00034735,1,-0.016615,-0.0010542,0.8075,-0.034065,0.034967,0.0022372
V2_pop,-0.018307,0.0058288,-0.016615,1,-0.022582,-0.0096169,0.33021,-0.13876,-0.15506
omega_Cl,0.0049374,-0.0021324,-0.0010542,-0.022582,1,-0.0057061,0.011255,-0.0011535,-0.0091387
omega_V1,-0.0026988,0.00076383,0.8075,-0.0096169,-0.0057061,1,-0.089828,-0.011389,-0.053819
omega_Q,0.00074093,-0.00019439,-0.034065,0.33021,0.011255,-0.089828,1,-0.22876,-0.064687
omega_V2,0.0012344,0.0047764,0.034967,-0.13876,-0.0011535,-0.011389,-0.22876,1,0.036757
a,0.018552,-0.013894,0.0022372,-0.15506,-0.0091387,-0.053819,-0.064687,0.036757,1
