Cl_pop,1,-0.84789,0.0054204,-0.02486,-0.016411,-0.002134,-0.0097463,-0.0081865,0.020038
beta_Cl_tSCRMGDL,-0.84789,1,0.0030772,-0.0092349,0.47286,-0.0085546,0.0049126,0.015996,-0.00072419
V1_pop,0.0054204,0.0030772,1,-0.097139,0.010983,-0.13875,-0.06178,0.13636,0.065876
V2_pop,-0.02486,-0.0092349,-0.097139,1,-0.035579,-0.026007,0.28451,-0.08692,-0.16783
omega_Cl,-0.016411,0.47286,0.010983,-0.035579,1,-0.019682,0.0023534,0.0089416,0.0070416
omega_V1,-0.002134,-0.0085546,-0.13875,-0.026007,-0.019682,1,-0.15299,-0.077249,-0.055556
omega_Q,-0.0097463,0.0049126,-0.06178,0.28451,0.0023534,-0.15299,1,-0.14423,-0.1199
omega_V2,-0.0081865,0.015996,0.13636,-0.08692,0.0089416,-0.077249,-0.14423,1,0.06117
a,0.020038,-0.00072419,0.065876,-0.16783,0.0070416,-0.055556,-0.1199,0.06117,1
