Cl_pop,1,-0.95241,0.091423,-0.092016,-0.00060513,nan,-0.089477,0.081417,0.0075996
beta_Cl_tSCRMGDL,-0.95241,1,-0.03503,0.034216,-0.0024433,nan,0.033676,-0.029126,-0.0030887
V1_pop,0.091423,-0.03503,1,-0.9593,-0.091094,nan,-0.97367,0.88777,0.00074824
V2_pop,-0.092016,0.034216,-0.9593,1,0.087252,nan,0.95981,-0.89611,-0.021278
omega_Cl,-0.00060513,-0.0024433,-0.091094,0.087252,1,nan,0.094148,-0.081758,-0.027542
omega_V1,nan,nan,nan,nan,nan,nan,nan,nan,nan
omega_Q,-0.089477,0.033676,-0.97367,0.95981,0.094148,nan,1,-0.88336,-0.014674
omega_V2,0.081417,-0.029126,0.88777,-0.89611,-0.081758,nan,-0.88336,1,0.010331
a,0.0075996,-0.0030887,0.00074824,-0.021278,-0.027542,nan,-0.014674,0.010331,1
