Cl_pop,16.491,-0.70915,0.21298,-0.87094,0.002043,-0.0028308,-0.055152,0.04583,0.022473
beta_Cl_tSCRMGDL,-0.70915,0.033549,-0.004404,0.015496,-6.9424e-5,4.6337e-5,0.00094758,-0.00047664,-0.00067761
V1_pop,0.21298,-0.004404,5.9062,-4.0499,0.0018011,-0.0053385,-0.29768,0.38909,0.041976
V2_pop,-0.87094,0.015496,-4.0499,23.547,-0.0091081,0.0045848,1.3417,-1.2066,-0.14787
omega_Cl,0.002043,-6.9424e-5,0.0018011,-0.0091081,0.0018271,-4.3025e-5,-0.00041353,0.0004965,2.0228e-5
omega_V1,-0.0028308,4.6337e-5,-0.0053385,0.0045848,-4.3025e-5,0.0060462,-0.0023486,-0.0018283,-0.001204
omega_Q,-0.055152,0.00094758,-0.29768,1.3417,-0.00041353,-0.0023486,0.19752,-0.10633,-0.012836
omega_V2,0.04583,-0.00047664,0.38909,-1.2066,0.0004965,-0.0018283,-0.10633,0.17126,0.0097732
a,0.022473,-0.00067761,0.041976,-0.14787,2.0228e-5,-0.001204,-0.012836,0.0097732,0.041153
