Cl_pop,16.502,-0.71038,0.045982,-0.31321,0.0010038,-0.0019578,0.0010457,-0.0020486,0.013277
beta_Cl_tSCRMGDL,-0.71038,0.033621,-0.0013866,0.0047028,-3.6547e-5,4.3531e-5,-5.0918e-5,0.0002834,-0.00031084
V1_pop,0.045982,-0.0013866,4.8404,-0.8607,0.00081273,-0.031424,-0.10576,0.077585,0.011973
V2_pop,-0.31321,0.0047028,-0.8607,12.81,-0.0029336,0.0047907,0.27515,-0.11191,-0.057533
omega_Cl,0.0010038,-3.6547e-5,0.00081273,-0.0029336,0.0018984,-3.4092e-5,0.00014225,3.1036e-6,-0.00010551
omega_V1,-0.0019578,4.3531e-5,-0.031424,0.0047907,-3.4092e-5,0.0048567,-0.00059365,-0.00095098,-0.00096789
omega_Q,0.0010457,-5.0918e-5,-0.10576,0.27515,0.00014225,-0.00059365,0.082532,-0.010734,-0.0010417
omega_V2,-0.0020486,0.0002834,0.077585,-0.11191,3.1036e-6,-0.00095098,-0.010734,0.04983,0.00015585
a,0.013277,-0.00031084,0.011973,-0.057533,-0.00010551,-0.00096789,-0.0010417,0.00015585,0.037761
