Cl_pop,16.428,-0.70785,0.06456,-0.40053,0.0028272,-0.00065612,-0.013545,0.0059218,0.00473
beta_Cl_tSCRMGDL,-0.70785,0.033531,-0.0020684,0.0079966,-0.00010896,-1.854e-5,0.00052392,6.1073e-5,4.8512e-6
V1_pop,0.06456,-0.0020684,5.8717,-1.7803,-0.00015752,0.03471,-0.15959,0.11895,0.046635
V2_pop,-0.40053,0.0079966,-1.7803,16.06,-0.0026747,0.0109,0.56253,-0.27988,-0.18767
omega_Cl,0.0028272,-0.00010896,-0.00015752,-0.0026747,0.0018782,-4.4376e-5,0.0003238,-3.3115e-5,-0.00021873
omega_V1,-0.00065612,-1.854e-5,0.03471,0.0109,-4.4376e-5,0.005093,-0.0020847,-0.0024228,-0.0010832
omega_Q,-0.013545,0.00052392,-0.15959,0.56253,0.0003238,-0.0020847,0.12038,-0.021884,-0.017731
omega_V2,0.0059218,6.1073e-5,0.11895,-0.27988,-3.3115e-5,-0.0024228,-0.021884,0.063971,0.0071242
a,0.00473,4.8512e-6,0.046635,-0.18767,-0.00021873,-0.0010832,-0.017731,0.0071242,0.045756
