Cl_pop,1,-0.9537,0.0017884,-0.020956,0.013491,0.0030208,-0.0094406,-0.0072343,0.022137
beta_Cl_tSCRMGDL,-0.9537,1,0.0016881,0.006002,-0.010036,-0.00064975,0.0034693,0.011753,-0.017429
V1_pop,0.0017884,0.0016881,1,-0.21744,-0.0035198,0.11642,-0.15008,0.22944,-0.0079515
V2_pop,-0.020956,0.006002,-0.21744,1,0.0074353,-0.36233,0.5633,-0.27047,-0.0016061
omega_Cl,0.013491,-0.010036,-0.0035198,0.0074353,1,-0.049086,0.05341,0.0052713,-0.0077048
omega_V1,0.0030208,-0.00064975,0.11642,-0.36233,-0.049086,1,-0.66613,-0.089404,-0.067309
omega_Q,-0.0094406,0.0034693,-0.15008,0.5633,0.05341,-0.66613,1,-0.1325,0.056376
omega_V2,-0.0072343,0.011753,0.22944,-0.27047,0.0052713,-0.089404,-0.1325,1,-0.033054
a,0.022137,-0.017429,-0.0079515,-0.0016061,-0.0077048,-0.067309,0.056376,-0.033054,1
