Cl_pop,1,-0.95358,0.0074771,-0.0298,-0.00093241,-0.0067387,-0.017928,0.016318,0.013747
beta_Cl_tSCRMGDL,-0.95358,1,-0.0020681,0.0078176,-0.0044391,0.0017713,0.0063476,-3.2611e-5,-0.007861
V1_pop,0.0074771,-0.0020681,1,-0.23488,0.0048226,-0.2437,-0.090633,0.22319,0.055722
V2_pop,-0.0298,0.0078176,-0.23488,1,-0.027079,0.089202,0.47896,-0.77047,-0.11552
omega_Cl,-0.00093241,-0.0044391,0.0048226,-0.027079,1,-0.0044188,-0.0096641,0.015037,-0.010436
omega_V1,-0.0067387,0.0017713,-0.2437,0.089202,-0.0044188,1,-0.018723,-0.099466,-0.052221
omega_Q,-0.017928,0.0063476,-0.090633,0.47896,-0.0096641,-0.018723,1,-0.37314,-0.08057
omega_V2,0.016318,-3.2611e-5,0.22319,-0.77047,0.015037,-0.099466,-0.37314,1,0.037733
a,0.013747,-0.007861,0.055722,-0.11552,-0.010436,-0.052221,-0.08057,0.037733,1
