Cl_pop,16.428,-0.70705,0.066123,-0.43767,-0.0001605,-0.0017867,-0.037036,0.017244,0.01097
beta_Cl_tSCRMGDL,-0.70705,0.033465,-0.00082546,0.0051821,-3.4488e-5,2.1198e-5,0.00059183,-1.5554e-6,-0.00028312
V1_pop,0.066123,-0.00082546,4.7605,-1.857,0.00044688,-0.034784,-0.10079,0.12697,0.023936
V2_pop,-0.43767,0.0051821,-1.857,13.13,-0.0041673,0.021145,0.88455,-0.72791,-0.082408
omega_Cl,-0.0001605,-3.4488e-5,0.00044688,-0.0041673,0.0018037,-1.2277e-5,-0.00020919,0.0001665,-8.7263e-5
omega_V1,-0.0017867,2.1198e-5,-0.034784,0.021145,-1.2277e-5,0.0042794,-0.00062427,-0.0016965,-0.00067257
omega_Q,-0.037036,0.00059183,-0.10079,0.88455,-0.00020919,-0.00062427,0.25977,-0.049585,-0.0080847
omega_V2,0.017244,-1.5554e-6,0.12697,-0.72791,0.0001665,-0.0016965,-0.049585,0.06798,0.0019369
a,0.01097,-0.00028312,0.023936,-0.082408,-8.7263e-5,-0.00067257,-0.0080847,0.0019369,0.03876
