Cl_pop,16.483,-0.7089,0.10025,-0.53104,0.00037669,0.0014011,-0.039755,0.0091842,0.026728
beta_Cl_tSCRMGDL,-0.7089,0.039967,-0.006362,0.013734,0.0041754,-0.0001485,0.0028802,-0.00021793,-0.00087315
V1_pop,0.10025,-0.006362,4.8972,-1.0492,-0.001952,-0.027205,-0.085673,0.10083,0.039257
V2_pop,-0.53104,0.013734,-1.0492,14.133,0.00059648,0.004695,0.52225,-0.11625,-0.22438
omega_Cl,0.00037669,0.0041754,-0.001952,0.00059648,0.002728,-3.6309e-5,0.00093289,-9.9744e-5,-0.00024251
omega_V1,0.0014011,-0.0001485,-0.027205,0.004695,-3.6309e-5,0.0048232,-0.0010235,-0.0024659,-0.00026368
omega_Q,-0.039755,0.0028802,-0.085673,0.52225,0.00093289,-0.0010235,0.13531,-0.018404,-0.022679
omega_V2,0.0091842,-0.00021793,0.10083,-0.11625,-9.9744e-5,-0.0024659,-0.018404,0.062702,0.0035172
a,0.026728,-0.00087315,0.039257,-0.22438,-0.00024251,-0.00026368,-0.022679,0.0035172,0.048437
