Cl_pop,1,0.015306,-0.02815,0.0085488,-0.012806,-0.0065831,0.01025,0.0084108,0.0056334
V1_pop,0.015306,1,-0.19967,0.0091408,0.043506,-0.1363,0.20772,-0.031333,0.0656
V2_pop,-0.02815,-0.19967,1,-0.014655,-0.047751,0.34503,-0.23143,-0.10125,-0.0066182
omega_Cl,0.0085488,0.0091408,-0.014655,1,-0.0080999,-0.0067668,-0.00032044,0.0064891,-0.016161
omega_V1,-0.012806,0.043506,-0.047751,-0.0080999,1,-0.27279,-0.21745,0.13845,-0.22365
omega_Q,-0.0065831,-0.1363,0.34503,-0.0067668,-0.27279,1,-0.065285,-0.16607,0.11568
omega_V2,0.01025,0.20772,-0.23143,-0.00032044,-0.21745,-0.065285,1,-0.16949,0.2322
a,0.0084108,-0.031333,-0.10125,0.0064891,0.13845,-0.16607,-0.16949,1,-0.5823
b,0.0056334,0.0656,-0.0066182,-0.016161,-0.22365,0.11568,0.2322,-0.5823,1
