Cl_pop,1,-0.95387,0.0058051,-0.014722,0.017525,-0.0028969,-0.0049742,0.0021989,0.0053539
beta_Cl_tSCRMGDL,-0.95387,1,-0.003125,0.0027285,-0.017456,-0.00041056,0.00033872,0.0033655,-0.00010739
V1_pop,0.0058051,-0.003125,1,-0.19087,0.0011097,-0.11151,-0.14777,0.24864,0.0052723
V2_pop,-0.014722,0.0027285,-0.19087,1,-0.016333,0.057018,0.40128,-0.36056,-0.086836
omega_Cl,0.017525,-0.017456,0.0011097,-0.016333,1,-0.011034,0.0065366,-0.00066432,-0.00099296
omega_V1,-0.0028969,-0.00041056,-0.11151,0.057018,-0.011034,1,-0.0061129,-0.072233,-0.062887
omega_Q,-0.0049742,0.00033872,-0.14777,0.40128,0.0065366,-0.0061129,1,-0.29488,-0.015692
omega_V2,0.0021989,0.0033655,0.24864,-0.36056,-0.00066432,-0.072233,-0.29488,1,0.029259
a,0.0053539,-0.00010739,0.0052723,-0.086836,-0.00099296,-0.062887,-0.015692,0.029259,1
