Cl_pop,1,-0.96253,0.0059522,-0.025889,0.013196,0.002473,-0.0072719,-0.0034285,0.025019
beta_Cl_tSCRMGDL,-0.96253,1,0.0094521,-0.0011145,-0.0014511,0.01256,-0.014771,0.0035651,-0.010302
V1_pop,0.0059522,0.0094521,1,-0.54471,0.057452,0.55011,-0.59986,0.09888,0.15808
V2_pop,-0.025889,-0.0011145,-0.54471,1,-0.07614,-0.5491,0.7306,-0.17506,-0.25366
omega_Cl,0.013196,-0.0014511,0.057452,-0.07614,1,0.069969,-0.087429,-0.043501,0.037877
omega_V1,0.002473,0.01256,0.55011,-0.5491,0.069969,1,-0.69624,-0.038278,0.13794
omega_Q,-0.0072719,-0.014771,-0.59986,0.7306,-0.087429,-0.69624,1,-0.032022,-0.27198
omega_V2,-0.0034285,0.0035651,0.09888,-0.17506,-0.043501,-0.038278,-0.032022,1,-0.035658
a,0.025019,-0.010302,0.15808,-0.25366,0.037877,0.13794,-0.27198,-0.035658,1
