Cl_pop,1,-0.95353,0.0086016,-0.025747,0.0078242,0.00050966,-0.013001,-0.00080341,0.014539
beta_Cl_tSCRMGDL,-0.95353,1,0.0072379,0.0020468,-0.0071435,0.0013305,-0.0053222,0.0085076,-0.0071708
V1_pop,0.0086016,0.0072379,1,-0.5913,-0.034611,0.024064,-0.67384,0.3291,0.13467
V2_pop,-0.025747,0.0020468,-0.5913,1,0.030298,-0.11361,0.72403,-0.2912,-0.19224
omega_Cl,0.0078242,-0.0071435,-0.034611,0.030298,1,-0.027803,0.053869,-0.023744,-0.027661
omega_V1,0.00050966,0.0013305,0.024064,-0.11361,-0.027803,1,-0.19756,-0.13117,0.02876
omega_Q,-0.013001,-0.0053222,-0.67384,0.72403,0.053869,-0.19756,1,-0.31975,-0.16818
omega_V2,-0.00080341,0.0085076,0.3291,-0.2912,-0.023744,-0.13117,-0.31975,1,0.024754
a,0.014539,-0.0071708,0.13467,-0.19224,-0.027661,0.02876,-0.16818,0.024754,1
