Cl_pop,16.46,-0.70846,0.11825,-0.54482,0.0013778,0.00015703,-0.030094,-0.00080582,0.012211
beta_Cl_tSCRMGDL,-0.70846,0.033538,0.0044915,0.001955,-5.6782e-5,1.8504e-5,-0.00055609,0.00038518,-0.00027186
V1_pop,0.11825,0.0044915,11.482,-10.45,-0.0050905,0.0061924,-1.3027,0.27569,0.094471
V2_pop,-0.54482,0.001955,-10.45,27.203,0.0068588,-0.045,2.1545,-0.37547,-0.20757
omega_Cl,0.0013778,-5.6782e-5,-0.0050905,0.0068588,0.0018839,-9.1644e-5,0.001334,-0.00025479,-0.00024855
omega_V1,0.00015703,1.8504e-5,0.0061924,-0.045,-9.1644e-5,0.0057671,-0.0085598,-0.0024626,0.00045214
omega_Q,-0.030094,-0.00055609,-1.3027,2.1545,0.001334,-0.0085598,0.32552,-0.045101,-0.019865
omega_V2,-0.00080582,0.00038518,0.27569,-0.37547,-0.00025479,-0.0024626,-0.045101,0.061118,0.0012669
a,0.012211,-0.00027186,0.094471,-0.20757,-0.00024855,0.00045214,-0.019865,0.0012669,0.042857
