Cl_pop,16.434,-0.7194,-0.029025,-0.16833,0.0070167,-0.010814,0.017487,0.0037172,-0.0011348
beta_Cl_tSCRMGDL,-0.7194,0.043165,0.0097855,-0.0061167,-0.005686,0.0013665,-0.0039485,-0.00031836,0.00045571
V1_pop,-0.029025,0.0097855,7.673,-5.4219,-0.0031375,0.18115,-0.87049,0.040218,0.0046395
V2_pop,-0.16833,-0.0061167,-5.4219,19.789,0.00050666,-0.31813,1.6301,-0.04719,-0.047692
omega_Cl,0.0070167,-0.005686,-0.0031375,0.00050666,0.0033502,-0.00048011,0.0013965,0.00020149,-0.00026583
omega_V1,-0.010814,0.0013665,0.18115,-0.31813,-0.00048011,0.024001,-0.064226,-0.0080643,-0.00058685
omega_Q,0.017487,-0.0039485,-0.87049,1.6301,0.0013965,-0.064226,0.3387,0.007135,-0.00060888
omega_V2,0.0037172,-0.00031836,0.040218,-0.04719,0.00020149,-0.0080643,0.007135,0.048612,-0.00099107
a,-0.0011348,0.00045571,0.0046395,-0.047692,-0.00026583,-0.00058685,-0.00060888,-0.00099107,0.038703
