Cl_pop,1,-0.87882,0.0090422,-0.025147,-0.017475,0.011066,-0.014328,0.0029064,0.018229
beta_Cl_tSCRMGDL,-0.87882,1,-0.013514,0.0089822,0.40507,-0.016045,0.017852,0.0012587,-0.011422
V1_pop,0.0090422,-0.013514,1,-0.31935,-0.024064,0.41616,-0.42926,0.097196,0.1129
V2_pop,-0.025147,0.0089822,-0.31935,1,0.00068032,-0.31374,0.47477,-0.14058,-0.20227
omega_Cl,-0.017475,0.40507,-0.024064,0.00068032,1,-0.028399,0.031026,-0.0014544,-0.016514
omega_V1,0.011066,-0.016045,0.41616,-0.31374,-0.028399,1,-0.54985,-0.087727,0.10251
omega_Q,-0.014328,0.017852,-0.42926,0.47477,0.031026,-0.54985,1,-0.078184,-0.19613
omega_V2,0.0029064,0.0012587,0.097196,-0.14058,-0.0014544,-0.087727,-0.078184,1,0.033292
a,0.018229,-0.011422,0.1129,-0.20227,-0.016514,0.10251,-0.19613,0.033292,1
