Cl_pop,16.403,-0.71165,0.094863,-0.39937,-0.0036708,0.0052492,-0.022292,0.0025425,0.015268
beta_Cl_tSCRMGDL,-0.71165,0.039978,-0.0069994,0.0070424,0.0042008,-0.00037572,0.0013712,5.4358e-5,-0.00047228
V1_pop,0.094863,-0.0069994,6.7102,-3.2438,-0.0032332,0.12626,-0.42716,0.054382,0.060479
V2_pop,-0.39937,0.0070424,-3.2438,15.376,0.00013837,-0.14409,0.71518,-0.11907,-0.16402
omega_Cl,-0.0036708,0.0042008,-0.0032332,0.00013837,0.0026903,-0.00017251,0.00061819,-1.6294e-5,-0.00017713
omega_V1,0.0052492,-0.00037572,0.12626,-0.14409,-0.00017251,0.013717,-0.024738,-0.0022192,0.0024828
omega_Q,-0.022292,0.0013712,-0.42716,0.71518,0.00061819,-0.024738,0.14757,-0.0064873,-0.015581
omega_V2,0.0025425,5.4358e-5,0.054382,-0.11907,-1.6294e-5,-0.0022192,-0.0064873,0.046653,0.0014871
a,0.015268,-0.00047228,0.060479,-0.16402,-0.00017713,0.0024828,-0.015581,0.0014871,0.042765
