Cl_pop,16.432,-0.70766,0.0929,-0.44786,0.0030878,0.0018794,-0.022666,0.0010503,0.0014879
beta_Cl_tSCRMGDL,-0.70766,0.033508,-0.0022372,0.0077043,-0.00012589,-0.00013343,0.00066643,0.00029209,0.00013486
V1_pop,0.0929,-0.0022372,5.5,-2.0523,-0.00091796,-0.016242,-0.24971,0.1235,0.023809
V2_pop,-0.44786,0.0077043,-2.0523,15.261,-0.0015973,0.0021917,0.55147,-0.2059,-0.092425
omega_Cl,0.0030878,-0.00012589,-0.00091796,-0.0015973,0.0018532,-2.4283e-5,0.00038505,-0.00013745,-0.00013055
omega_V1,0.0018794,-0.00013343,-0.016242,0.0021917,-2.4283e-5,0.0050828,-0.0026221,-0.0014789,-0.00084302
omega_Q,-0.022666,0.00066643,-0.24971,0.55147,0.00038505,-0.0026221,0.12166,-0.018126,-0.0056623
omega_V2,0.0010503,0.00029209,0.1235,-0.2059,-0.00013745,-0.0014789,-0.018126,0.05272,0.0033769
a,0.0014879,0.00013486,0.023809,-0.092425,-0.00013055,-0.00084302,-0.0056623,0.0033769,0.039294
