Cl_pop,16.484,-0.71091,0.069323,-0.25192,0.0018357,-0.003831,0.010725,-0.0031174,0.0066466
beta_Cl_tSCRMGDL,-0.71091,0.033911,-0.001506,0.00089195,-0.00072607,0.0001365,-0.0011102,0.00035099,-9.6106e-5
V1_pop,0.069323,-0.001506,5.2994,-1.5821,0.00032205,-0.028194,-0.14877,0.12031,0.011598
V2_pop,-0.25192,0.00089195,-1.5821,15.672,-0.0015561,0.0031406,0.80183,-0.20849,-0.06299
omega_Cl,0.0018357,-0.00072607,0.00032205,-0.0015561,0.0019056,-6.0889e-5,0.00027374,-3.269e-5,-0.00014424
omega_V1,-0.003831,0.0001365,-0.028194,0.0031406,-6.0889e-5,0.0060203,-0.0048429,-0.0017503,-0.0020044
omega_Q,0.010725,-0.0011102,-0.14877,0.80183,0.00027374,-0.0048429,0.1806,-0.022296,-0.0034456
omega_V2,-0.0031174,0.00035099,0.12031,-0.20849,-3.269e-5,-0.0017503,-0.022296,0.055141,0.00010377
a,0.0066466,-9.6106e-5,0.011598,-0.06299,-0.00014424,-0.0020044,-0.0034456,0.00010377,0.043692
