Cl_pop,16.445,-0.70855,0.066906,-0.13032,0.0022514,-0.0051149,0.01082,-0.008922,0.0043052
beta_Cl_tSCRMGDL,-0.70855,0.033565,0.0011669,-0.011518,-6.479e-5,0.00045281,-0.0016845,0.00067245,-6.7686e-5
V1_pop,0.066906,0.0011669,12.085,-1.7612,0.0058862,-0.38277,0.1767,0.24895,0.0070071
V2_pop,-0.13032,-0.011518,-1.7612,25.741,-0.00086011,-0.45404,1.8581,-0.57655,-0.0071083
omega_Cl,0.0022514,-6.479e-5,0.0058862,-0.00086011,0.0018445,-0.00036049,0.00062869,0.00020498,-0.00010616
omega_V1,-0.0051149,0.00045281,-0.38277,-0.45404,-0.00036049,0.035346,-0.07313,0.0005033,-0.0030626
omega_Q,0.01082,-0.0016845,0.1767,1.8581,0.00062869,-0.07313,0.2823,-0.032966,0.002755
omega_V2,-0.008922,0.00067245,0.24895,-0.57655,0.00020498,0.0005033,-0.032966,0.075458,-0.00042562
a,0.0043052,-6.7686e-5,0.0070071,-0.0071083,-0.00010616,-0.0030626,0.002755,-0.00042562,0.040773
