Cl_pop,1,-0.95018,0.017019,-0.035319,0.012686,0.009663,-0.023208,0.011441,0.011285
beta_Cl_tSCRMGDL,-0.95018,1,-0.013057,0.018488,0.072712,-0.010242,0.019969,-0.0055847,-0.0061054
V1_pop,0.017019,-0.013057,1,-0.23385,-0.0079712,0.10113,-0.25994,0.20187,0.077004
V2_pop,-0.035319,0.018488,-0.23385,1,-0.011371,-0.21702,0.48079,-0.27971,-0.14299
omega_Cl,0.012686,0.072712,-0.0079712,-0.011371,1,-0.022314,0.027088,-0.0069589,-0.01345
omega_V1,0.009663,-0.010242,0.10113,-0.21702,-0.022314,1,-0.41431,0.046821,-0.025725
omega_Q,-0.023208,0.019969,-0.25994,0.48079,0.027088,-0.41431,1,-0.29198,-0.10783
omega_V2,0.011441,-0.0055847,0.20187,-0.27971,-0.0069589,0.046821,-0.29198,1,0.061976
a,0.011285,-0.0061054,0.077004,-0.14299,-0.01345,-0.025725,-0.10783,0.061976,1
