Cl_pop,16.441,-0.70712,0.1559,-0.57102,0.0022341,0.0034417,-0.042428,0.011142,0.0092212
beta_Cl_tSCRMGDL,-0.70712,0.033684,-0.0054137,0.01353,0.00057959,-0.00016511,0.0016523,-0.00024617,-0.00022581
V1_pop,0.1559,-0.0054137,5.1037,-2.1065,-0.00078211,0.020069,-0.26475,0.10953,0.035057
V2_pop,-0.57102,0.01353,-2.1065,15.899,-0.0019692,-0.076008,0.86432,-0.26786,-0.11489
omega_Cl,0.0022341,0.00057959,-0.00078211,-0.0019692,0.0018863,-8.5129e-5,0.00053042,-7.2586e-5,-0.00011772
omega_V1,0.0034417,-0.00016511,0.020069,-0.076008,-8.5129e-5,0.0077158,-0.016408,0.00098775,-0.00045537
omega_Q,-0.042428,0.0016523,-0.26475,0.86432,0.00053042,-0.016408,0.20327,-0.031616,-0.0097973
omega_V2,0.011142,-0.00024617,0.10953,-0.26786,-7.2586e-5,0.00098775,-0.031616,0.057681,0.0029996
a,0.0092212,-0.00022581,0.035057,-0.11489,-0.00011772,-0.00045537,-0.0097973,0.0029996,0.040611
