Cl_pop,1,-0.95384,0.021602,-0.03844,0.00098398,0.025238,-0.036654,0.010749,0.019228
beta_Cl_tSCRMGDL,-0.95384,1,-0.017935,0.026525,-0.0060419,-0.021914,0.030497,-0.0061775,-0.011524
V1_pop,0.021602,-0.017935,1,-0.40591,-0.0072805,0.19958,-0.40001,0.23612,0.20016
V2_pop,-0.03844,0.026525,-0.40591,1,0.010289,-0.52491,0.77558,-0.58134,-0.35268
omega_Cl,0.00098398,-0.0060419,-0.0072805,0.010289,1,-0.035371,0.030631,-0.0060161,-0.027352
omega_V1,0.025238,-0.021914,0.19958,-0.52491,-0.035371,1,-0.68132,0.15719,0.27986
omega_Q,-0.036654,0.030497,-0.40001,0.77558,0.030631,-0.68132,1,-0.34336,-0.38981
omega_V2,0.010749,-0.0061775,0.23612,-0.58134,-0.0060161,0.15719,-0.34336,1,0.080436
a,0.019228,-0.011524,0.20016,-0.35268,-0.027352,0.27986,-0.38981,0.080436,1
