Cl_pop,1,-0.95563,0.011342,-0.028396,0.022661,0.0019684,-0.0090692,0.0038047,0.013322
beta_Cl_tSCRMGDL,-0.95563,1,-0.0072176,0.012196,-0.015559,-0.0077854,0.0062461,0.001931,-0.0043467
V1_pop,0.011342,-0.0072176,1,-0.15966,0.013958,-0.033833,-0.11546,0.16552,0.078958
V2_pop,-0.028396,0.012196,-0.15966,1,-0.031683,0.089819,0.28485,-0.28525,-0.18718
omega_Cl,0.022661,-0.015559,0.013958,-0.031683,1,-0.0066506,-0.013316,0.0035617,0.026697
omega_V1,0.0019684,-0.0077854,-0.033833,0.089819,-0.0066506,1,0.045844,-0.090091,-0.096661
omega_Q,-0.0090692,0.0062461,-0.11546,0.28485,-0.013316,0.045844,1,-0.13813,-0.14945
omega_V2,0.0038047,0.001931,0.16552,-0.28525,0.0035617,-0.090091,-0.13813,1,0.07028
a,0.013322,-0.0043467,0.078958,-0.18718,0.026697,-0.096661,-0.14945,0.07028,1
