Cl_pop,17.388,-0.81583,0.11331,-0.45161,0.0042119,0.00061915,-0.0087223,0.0032647,0.012949
beta_Cl_tSCRMGDL,-0.81583,0.041916,-0.0035405,0.0095239,-0.00014199,-0.00012023,0.00029494,8.135e-5,-0.00020744
V1_pop,0.11331,-0.0035405,5.7406,-1.459,0.0014907,-0.0061147,-0.063802,0.081608,0.044098
V2_pop,-0.45161,0.0095239,-1.459,14.547,-0.0053864,0.025842,0.25058,-0.22388,-0.16642
omega_Cl,0.0042119,-0.00014199,0.0014907,-0.0053864,0.0019868,-2.2361e-5,-0.00013689,3.2669e-5,0.00027739
omega_V1,0.00061915,-0.00012023,-0.0061147,0.025842,-2.2361e-5,0.00569,0.00079759,-0.0013984,-0.0016996
omega_Q,-0.0087223,0.00029494,-0.063802,0.25058,-0.00013689,0.00079759,0.053195,-0.0065559,-0.0080348
omega_V2,0.0032647,8.135e-5,0.081608,-0.22388,3.2669e-5,-0.0013984,-0.0065559,0.042344,0.0033711
a,0.012949,-0.00020744,0.044098,-0.16642,0.00027739,-0.0016996,-0.0080348,0.0033711,0.054336
