Cl_pop,16.467,-0.70842,0.59096,-0.82864,0.0043765,nan,-0.046401,0.022855,0.0040871
beta_Cl_tSCRMGDL,-0.70842,0.033596,0.040139,-0.044295,-0.0001423,nan,-0.0039534,0.0016737,-0.0001011
V1_pop,0.59096,0.040139,49.053,-53.093,-0.0087293,nan,-4.3227,1.8084,-0.064555
V2_pop,-0.82864,-0.044295,-53.093,71.44,0.0079472,nan,4.957,-2.3304,-0.006689
omega_Cl,0.0043765,-0.0001423,-0.0087293,0.0079472,0.0018185,nan,0.00092531,-0.00030565,-0.00017556
omega_V1,nan,nan,nan,nan,nan,nan,nan,nan,nan
omega_Q,-0.046401,-0.0039534,-4.3227,4.957,0.00092531,nan,0.44074,-0.1656,3.9258e-6
omega_V2,0.022855,0.0016737,1.8084,-2.3304,-0.00030565,nan,-0.1656,0.12728,-0.0019266
a,0.0040871,-0.0001011,-0.064555,-0.006689,-0.00017556,nan,3.9258e-6,-0.0019266,0.042986
