Cl_pop,1,-0.95369,0.0046237,-0.022071,0.014127,-0.0095364,-0.0046021,0.0090794,0.0089149
beta_Cl_tSCRMGDL,-0.95369,1,-0.0012926,0.0095942,-0.010517,0.0051562,0.0042499,-4.815e-6,-0.003953
V1_pop,0.0046237,-0.0012926,1,-0.17733,0.0060428,-0.12359,-0.18764,0.22458,0.077852
V2_pop,-0.022071,0.0095942,-0.17733,1,-0.025659,0.071113,0.32712,-0.20767,-0.13804
omega_Cl,0.014127,-0.010517,0.0060428,-0.025659,1,-0.010319,-0.006284,0.0070792,-0.0058379
omega_V1,-0.0095364,0.0051562,-0.12359,0.071113,-0.010319,1,-0.0024935,-0.12264,-0.089472
omega_Q,-0.0046021,0.0042499,-0.18764,0.32712,-0.006284,-0.0024935,1,-0.2562,-0.12032
omega_V2,0.0090794,-4.815e-6,0.22458,-0.20767,0.0070792,-0.12264,-0.2562,1,0.059102
a,0.0089149,-0.003953,0.077852,-0.13804,-0.0058379,-0.089472,-0.12032,0.059102,1
