Cl_pop,1,-0.95455,0.012656,0.0020351,0,0,0,0,0
beta_Cl_tSCRMGDL,-0.95455,1,-0.007943,-0.0022955,0,0,0,0,0
V1_pop,0.012656,-0.007943,1,-0.14613,0,0,0,0,0
V2_pop,0.0020351,-0.0022955,-0.14613,1,0,0,0,0,0
omega_Cl,0,0,0,0,1,0.0011025,0.0019005,0.00030671,-0.027325
omega_V1,0,0,0,0,0.0011025,1,-0.12043,-0.032258,-0.047356
omega_Q,0,0,0,0,0.0019005,-0.12043,1,-0.029624,-0.079077
omega_V2,0,0,0,0,0.00030671,-0.032258,-0.029624,1,-0.084737
a,0,0,0,0,-0.027325,-0.047356,-0.079077,-0.084737,1
