Cl_pop,16.246,-0.70264,0.1059,0.024891,0,0,0,0,0
beta_Cl_tSCRMGDL,-0.70264,0.033352,-0.0030115,-0.0012721,0,0,0,0,0
V1_pop,0.1059,-0.0030115,4.3099,-0.92054,0,0,0,0,0
V2_pop,0.024891,-0.0012721,-0.92054,9.208,0,0,0,0,0
omega_Cl,0,0,0,0,0.0018215,3.276e-6,2.0432e-5,2.4775e-6,-0.00025749
omega_V1,0,0,0,0,3.276e-6,0.0048475,-0.0021121,-0.00042507,-0.00072796
omega_Q,0,0,0,0,2.0432e-5,-0.0021121,0.06345,-0.0014123,-0.0043979
omega_V2,0,0,0,0,2.4775e-6,-0.00042507,-0.0014123,0.035821,-0.003541
a,0,0,0,0,-0.00025749,-0.00072796,-0.0043979,-0.003541,0.048748
