Cl_pop,16.473,-0.70904,0.030099,-0.7128,0.0018596,0.00086301,-0.023892,0.00097027,0.0028838
beta_Cl_tSCRMGDL,-0.70904,0.033551,-0.00048737,0.016551,-5.0951e-5,-6.2599e-5,0.00054316,0.00024734,-5.7982e-6
V1_pop,0.030099,-0.00048737,5.2333,-1.8047,-0.00056855,0.025474,-0.24888,0.11506,0.0046763
V2_pop,-0.7128,0.016551,-1.8047,34.281,-0.00158,-0.16328,1.2998,0.26409,-0.048288
omega_Cl,0.0018596,-5.0951e-5,-0.00056855,-0.00158,0.0018631,-1.1286e-5,0.00035611,-6.2213e-5,-0.00021696
omega_V1,0.00086301,-6.2599e-5,0.025474,-0.16328,-1.1286e-5,0.0099397,-0.020082,-0.0030279,-0.0025574
omega_Q,-0.023892,0.00054316,-0.24888,1.2998,0.00035611,-0.020082,0.18689,-0.017615,-0.0030026
omega_V2,0.00097027,0.00024734,0.11506,0.26409,-6.2213e-5,-0.0030279,-0.017615,0.065678,0.003207
a,0.0028838,-5.7982e-6,0.0046763,-0.048288,-0.00021696,-0.0025574,-0.0030026,0.003207,0.040507
