Cl_pop,nan,nan,nan,nan,nan,nan,nan,nan,nan
beta_Cl_tSCRMGDL,nan,1,-0.026625,-0.0034977,0.97115,-0.038017,0.041373,0.0076834,-0.0082465
V1_pop,nan,-0.026625,1,-0.294,-0.0326,0.24708,-0.38506,0.10039,0.11667
V2_pop,nan,-0.0034977,-0.294,1,0.010795,-0.25333,0.48433,-0.029157,-0.2446
omega_Cl,nan,0.97115,-0.0326,0.010795,1,-0.039663,0.049595,0.0042765,-0.028434
omega_V1,nan,-0.038017,0.24708,-0.25333,-0.039663,1,-0.47581,-0.13899,0.071088
omega_Q,nan,0.041373,-0.38506,0.48433,0.049595,-0.47581,1,-0.022436,-0.21898
omega_V2,nan,0.0076834,0.10039,-0.029157,0.0042765,-0.13899,-0.022436,1,0.0062187
a,nan,-0.0082465,0.11667,-0.2446,-0.028434,0.071088,-0.21898,0.0062187,1
