Cl_pop,48.67,-0.91322,-0.032115,-0.94959,0.33435,-0.014587,0.075258,-0.035654,0.062606
beta_Cl_tSCRMGDL,-0.91322,0.033545,0.00061737,0.0056811,0.00024855,0.00012749,3.7069e-5,0.00052631,-0.00070468
V1_pop,-0.032115,0.00061737,4.4665,-0.51621,-0.00034413,-0.0078456,-0.037486,0.04948,0.009457
V2_pop,-0.94959,0.0056811,-0.51621,15.88,-0.0069295,-0.054164,0.74699,-0.040226,-0.13861
omega_Cl,0.33435,0.00024855,-0.00034413,-0.0069295,0.0054802,-0.00017372,0.0014157,-0.00038038,0.00027781
omega_V1,-0.014587,0.00012749,-0.0078456,-0.054164,-0.00017372,0.0065626,-0.011042,-0.00019131,-0.0011661
omega_Q,0.075258,3.7069e-5,-0.037486,0.74699,0.0014157,-0.011042,0.16485,-0.015135,-0.0059786
omega_V2,-0.035654,0.00052631,0.04948,-0.040226,-0.00038038,-0.00019131,-0.015135,0.050055,0.00054867
a,0.062606,-0.00070468,0.009457,-0.13861,0.00027781,-0.0011661,-0.0059786,0.00054867,0.046262
