Cl_pop,1,-0.95373,0.0094225,-0.013234,0.02003,-0.0019818,-0.0042413,0.004285,0.007344
beta_Cl_tSCRMGDL,-0.95373,1,0.0035427,-0.0099697,-0.014301,0.011775,-0.012665,0.013175,-0.0029844
V1_pop,0.0094225,0.0035427,1,-0.36582,-0.0091024,-0.19321,-0.29672,0.38771,0.11918
V2_pop,-0.013234,-0.0099697,-0.36582,1,0.040105,-0.54503,0.79897,-0.59635,-0.15163
omega_Cl,0.02003,-0.014301,-0.0091024,0.040105,1,-0.057342,0.062443,-0.018556,-0.036791
omega_V1,-0.0019818,0.011775,-0.19321,-0.54503,-0.057342,1,-0.69546,0.17634,-0.025538
omega_Q,-0.0042413,-0.012665,-0.29672,0.79897,0.062443,-0.69546,1,-0.47398,-0.11619
omega_V2,0.004285,0.013175,0.38771,-0.59635,-0.018556,0.17634,-0.47398,1,0.14635
a,0.007344,-0.0029844,0.11918,-0.15163,-0.036791,-0.025538,-0.11619,0.14635,1
