Cl_pop,16.753,-0.72002,0.14503,-0.72901,0.00061896,0.0049016,-0.058735,-0.0024469,0.019076
beta_Cl_tSCRMGDL,-0.72002,0.034026,-0.0039697,0.018981,1.3061e-5,-0.00018502,0.0020742,0.00023597,-0.00069986
V1_pop,0.14503,-0.0039697,8.2869,-6.9487,-0.0019252,0.15203,-1.0746,0.076252,-0.0081889
V2_pop,-0.72901,0.018981,-6.9487,24.297,0.0001687,-0.3132,2.2572,-0.10306,0.017561
omega_Cl,0.00061896,1.3061e-5,-0.0019252,0.0001687,0.0019972,-0.00011289,0.00085027,-0.00013255,-0.00055256
omega_V1,0.0049016,-0.00018502,0.15203,-0.3132,-0.00011289,0.014895,-0.056736,-0.00076858,-0.0050417
omega_Q,-0.058735,0.0020742,-1.0746,2.2572,0.00085027,-0.056736,0.44593,-0.013424,0.013789
omega_V2,-0.0024469,0.00023597,0.076252,-0.10306,-0.00013255,-0.00076858,-0.013424,0.050343,-0.0021334
a,0.019076,-0.00069986,-0.0081889,0.017561,-0.00055256,-0.0050417,0.013789,-0.0021334,0.098563
