Cl_pop,13.447,-0.58844,0.048936,-0.14178,-0.077626,0.0020905,-0.018207,0.002728,0.010738
beta_Cl_tSCRMGDL,-0.58844,0.033575,0.0036277,-0.006407,-0.00011537,0.00015815,-0.0017143,0.0001842,0.00012548
V1_pop,0.048936,0.0036277,5.6888,-2.9625,-0.0031358,0.053128,-0.42919,0.056119,0.021307
V2_pop,-0.14178,-0.006407,-2.9625,17.08,0.0020559,-0.11317,1.0878,-0.15247,-0.058639
omega_Cl,-0.077626,-0.00011537,-0.0031358,0.0020559,0.0030234,-0.00016545,0.0015135,-7.8989e-5,-0.00057365
omega_V1,0.0020905,0.00015815,0.053128,-0.11317,-0.00016545,0.0095358,-0.023197,-0.0014281,-0.001554
omega_Q,-0.018207,-0.0017143,-0.42919,1.0878,0.0015135,-0.023197,0.23286,-0.010594,-0.0055334
omega_V2,0.002728,0.0001842,0.056119,-0.15247,-7.8989e-5,-0.0014281,-0.010594,0.047668,0.00074071
a,0.010738,0.00012548,0.021307,-0.058639,-0.00057365,-0.001554,-0.0055334,0.00074071,0.042157
