Cl_pop,1,-0.95371,0.011712,-0.025644,0.015811,-0.00045612,-0.013115,0.011596,0.0054546
beta_Cl_tSCRMGDL,-0.95371,1,-0.0064282,0.01009,-0.01433,-0.0030272,0.0075243,-0.0019146,0.0020667
V1_pop,0.011712,-0.0064282,1,-0.27946,-0.0030455,-0.11272,-0.25951,0.29206,0.097218
V2_pop,-0.025644,0.01009,-0.27946,1,-0.016113,0.049876,0.42066,-0.38491,-0.14452
omega_Cl,0.015811,-0.01433,-0.0030455,-0.016113,1,-0.0022969,0.010797,0.0019259,-0.012904
omega_V1,-0.00045612,-0.0030272,-0.11272,0.049876,-0.0022969,1,-0.050996,-0.1068,-0.076063
omega_Q,-0.013115,0.0075243,-0.25951,0.42066,0.010797,-0.050996,1,-0.34272,-0.1089
omega_V2,0.011596,-0.0019146,0.29206,-0.38491,0.0019259,-0.1068,-0.34272,1,0.072422
a,0.0054546,0.0020667,0.097218,-0.14452,-0.012904,-0.076063,-0.1089,0.072422,1
