Cl_pop,16.447,-0.70812,0.12286,-0.42683,0.00046894,0.0024706,-0.034011,0.0058536,0.0085632
beta_Cl_tSCRMGDL,-0.70812,0.033519,-0.0039853,0.0094784,-5.4227e-5,-9.852e-5,0.0011563,-4.9951e-5,-6.2104e-5
V1_pop,0.12286,-0.0039853,5.6232,-2.401,0.00017357,0.010815,-0.30972,0.087323,0.020176
V2_pop,-0.42683,0.0094784,-2.401,12.015,-0.0019461,-0.045497,0.73619,-0.33296,-0.092974
omega_Cl,0.00046894,-5.4227e-5,0.00017357,-0.0019461,0.0018002,-6.2964e-5,0.00035143,-6.9228e-6,-0.00013814
omega_V1,0.0024706,-9.852e-5,0.010815,-0.045497,-6.2964e-5,0.0081284,-0.0159,-0.0017776,-0.00035469
omega_Q,-0.034011,0.0011563,-0.30972,0.73619,0.00035143,-0.0159,0.2077,-0.016529,-0.0093387
omega_V2,0.0058536,-4.9951e-5,0.087323,-0.33296,-6.9228e-6,-0.0017776,-0.016529,0.046498,0.0019159
a,0.0085632,-6.2104e-5,0.020176,-0.092974,-0.00013814,-0.00035469,-0.0093387,0.0019159,0.042446
