Cl_pop,16.342,-0.70415,0.19836,-0.49688,0.00075573,3.7491e-5,-0.033072,0.0055699,0.011167
beta_Cl_tSCRMGDL,-0.70415,0.03335,-0.0051191,0.0098507,-4.5117e-5,-4.7883e-5,0.00069616,0.00021741,-0.0003709
V1_pop,0.19836,-0.0051191,6.6964,-4.2856,-8.6037e-5,-0.018693,-0.46723,0.21856,0.044769
V2_pop,-0.49688,0.0098507,-4.2856,18.466,-0.0023532,0.023141,1.0473,-0.42573,-0.097126
omega_Cl,0.00075573,-4.5117e-5,-8.6037e-5,-0.0023532,0.0017716,-5.9071e-5,0.00018934,8.8556e-5,-0.00011541
omega_V1,3.7491e-5,-4.7883e-5,-0.018693,0.023141,-5.9071e-5,0.0058936,-0.00092587,-0.0032797,-0.00075378
omega_Q,-0.033072,0.00069616,-0.46723,1.0473,0.00018934,-0.00092587,0.18541,-0.045715,-0.0070783
omega_V2,0.0055699,0.00021741,0.21856,-0.42573,8.8556e-5,-0.0032797,-0.045715,0.064355,0.002847
a,0.011167,-0.0003709,0.044769,-0.097126,-0.00011541,-0.00075378,-0.0070783,0.002847,0.027526
