Cl_pop,1,-0.95382,0.0060285,-0.026231,0.0092404,0.0071244,-0.0074878,-0.0067909,0.024846
beta_Cl_tSCRMGDL,-0.95382,1,-0.0060289,0.01396,-0.011701,-0.0085401,0.0053923,0.0080287,-0.017756
V1_pop,0.0060285,-0.0060289,1,-0.06222,-0.0057275,-0.13614,0.033822,0.086387,0.050163
V2_pop,-0.026231,0.01396,-0.06222,1,-0.010356,-0.078111,0.39016,-0.25138,-0.15601
omega_Cl,0.0092404,-0.011701,-0.0057275,-0.010356,1,-0.017555,0.022955,-0.0083189,-0.014873
omega_V1,0.0071244,-0.0085401,-0.13614,-0.078111,-0.017555,1,-0.20848,-0.072339,0.0034423
omega_Q,-0.0074878,0.0053923,0.033822,0.39016,0.022955,-0.20848,1,-0.11723,-0.09482
omega_V2,-0.0067909,0.0080287,0.086387,-0.25138,-0.0083189,-0.072339,-0.11723,1,0.0013681
a,0.024846,-0.017756,0.050163,-0.15601,-0.014873,0.0034423,-0.09482,0.0013681,1
