Cl_pop,16.477,-0.70943,0.052048,-0.34897,0.001596,0.0020655,-0.01271,-0.0056345,0.021261
beta_Cl_tSCRMGDL,-0.70943,0.033575,-0.0023497,0.0083839,-9.1227e-5,-0.00011177,0.00041319,0.0003007,-0.00068586
V1_pop,0.052048,-0.0023497,4.524,-0.43375,-0.00051836,-0.020682,0.030084,0.037558,0.022492
V2_pop,-0.34897,0.0083839,-0.43375,10.742,-0.0014442,-0.018285,0.53476,-0.16841,-0.10779
omega_Cl,0.001596,-9.1227e-5,-0.00051836,-0.0014442,0.0018105,-5.3351e-5,0.00040846,-7.2353e-5,-0.00013341
omega_V1,0.0020655,-0.00011177,-0.020682,-0.018285,-5.3351e-5,0.0051012,-0.0062269,-0.0010561,5.1829e-5
omega_Q,-0.01271,0.00041319,0.030084,0.53476,0.00040846,-0.0062269,0.17488,-0.01002,-0.0083591
omega_V2,-0.0056345,0.0003007,0.037558,-0.16841,-7.2353e-5,-0.0010561,-0.01002,0.04178,5.8951e-5
a,0.021261,-0.00068586,0.022492,-0.10779,-0.00013341,5.1829e-5,-0.0083591,5.8951e-5,0.044441
