Cl_pop,16.441,-0.70851,-0.087363,-0.016028,0.0022005,-0.0071603,0.05673,-0.014859,0.016018
beta_Cl_tSCRMGDL,-0.70851,0.033578,0.0072602,-0.0247,-7.1794e-5,0.00041529,-0.0046788,0.00094139,-0.00075886
V1_pop,-0.087363,0.0072602,6.1879,-3.9029,0.00019737,0.0034398,-0.55089,0.16535,-0.017747
V2_pop,-0.016028,-0.0247,-3.9029,42.066,-0.0032319,-0.16601,2.9243,0.024845,0.12166
omega_Cl,0.0022005,-7.1794e-5,0.00019737,-0.0032319,0.0018656,-2.4205e-5,5.1086e-5,1.8481e-5,-0.00024279
omega_V1,-0.0071603,0.00041529,0.0034398,-0.16601,-2.4205e-5,0.0077376,-0.023856,0.00084731,-0.0029206
omega_Q,0.05673,-0.0046788,-0.55089,2.9243,5.1086e-5,-0.023856,0.43284,-0.053069,0.025943
omega_V2,-0.014859,0.00094139,0.16535,0.024845,1.8481e-5,0.00084731,-0.053069,0.062967,-0.0066836
a,0.016018,-0.00075886,-0.017747,0.12166,-0.00024279,-0.0029206,0.025943,-0.0066836,0.04163
