Cl_pop,1,-0.83185,0.0065685,-0.031847,-0.011572,0.0030083,-0.018699,0.0016801,0.025502
beta_Cl_tSCRMGDL,-0.83185,1,0.0026137,0.0095925,0.49937,-0.021564,0.039829,0.0011613,-0.0018317
V1_pop,0.0065685,0.0026137,1,-0.084525,0.011979,-0.10634,-0.024475,0.12242,0.032968
V2_pop,-0.031847,0.0095925,-0.084525,1,-0.0060178,-0.23879,0.46147,-0.034863,-0.15453
omega_Cl,-0.011572,0.49937,0.011979,-0.0060178,1,-0.039674,0.058346,-0.0035766,0.012306
omega_V1,0.0030083,-0.021564,-0.10634,-0.23879,-0.039674,1,-0.45449,-0.086586,-0.039223
omega_Q,-0.018699,0.039829,-0.024475,0.46147,0.058346,-0.45449,1,-0.081848,-0.045841
omega_V2,0.0016801,0.0011613,0.12242,-0.034863,-0.0035766,-0.086586,-0.081848,1,0.037034
a,0.025502,-0.0018317,0.032968,-0.15453,0.012306,-0.039223,-0.045841,0.037034,1
