Cl_pop,1,-0.95367,0.0037208,-0.029676,0.0078089,-0.0020073,-0.010383,-0.0012446,0.016626
beta_Cl_tSCRMGDL,-0.95367,1,-0.00466,0.015375,-0.0036049,-0.0023342,0.013228,0.0064129,-0.010043
V1_pop,0.0037208,-0.00466,1,-0.042351,-0.0048617,0.62489,-0.070443,0.053711,0.0026678
V2_pop,-0.029676,0.015375,-0.042351,1,-0.017268,0.03803,0.26639,-0.17395,-0.16422
omega_Cl,0.0078089,-0.0036049,-0.0048617,-0.017268,1,-0.0070339,0.025041,-0.0083542,-0.017666
omega_V1,-0.0020073,-0.0023342,0.62489,0.03803,-0.0070339,1,-0.11192,-0.095903,-0.096011
omega_Q,-0.010383,0.013228,-0.070443,0.26639,0.025041,-0.11192,1,-0.10757,-0.13186
omega_V2,-0.0012446,0.0064129,0.053711,-0.17395,-0.0083542,-0.095903,-0.10757,1,0.10906
a,0.016626,-0.010043,0.0026678,-0.16422,-0.017666,-0.096011,-0.13186,0.10906,1
