Cl_pop,1,-0.95457,0.01267,0.0018729,0,0,0,0,0
beta_Cl_tSCRMGDL,-0.95457,1,-0.007713,-0.0023132,0,0,0,0,0
V1_pop,0.01267,-0.007713,1,-0.13929,0,0,0,0,0
V2_pop,0.0018729,-0.0023132,-0.13929,1,0,0,0,0,0
omega_Cl,0,0,0,0,1,0.00085508,0.0020763,-2.1073e-5,-0.027236
omega_V1,0,0,0,0,0.00085508,1,-0.10989,-0.028003,-0.042176
omega_Q,0,0,0,0,0.0020763,-0.10989,1,-0.03514,-0.085287
omega_V2,0,0,0,0,-2.1073e-5,-0.028003,-0.03514,1,-0.090172
a,0,0,0,0,-0.027236,-0.042176,-0.085287,-0.090172,1
