Cl_pop,1,0.041449,-0.027554,-0.039038,0.0092018,-0.015309,-0.0040387,0.025656,0.0026085,0.0068581
V1_pop,0.041449,1,-0.67701,-0.28465,0.015325,0.19255,-0.058086,0.35738,-0.19824,0.14381
Q_pop,-0.027554,-0.67701,1,0.16631,-0.015017,-0.23458,0.0056002,-0.25956,0.21221,-0.087931
V2_pop,-0.039038,-0.28465,0.16631,1,-0.017674,0.018993,0.17444,-0.29678,-0.019122,-0.080837
omega_Cl,0.0092018,0.015325,-0.015017,-0.017674,1,-0.023031,-0.0012485,0.0059071,0.0069971,-0.025037
omega_V1,-0.015309,0.19255,-0.23458,0.018993,-0.023031,1,-0.16456,-0.16896,-0.013603,-0.046144
omega_Q,-0.0040387,-0.058086,0.0056002,0.17444,-0.0012485,-0.16456,1,-0.0059226,-0.10185,0.014669
omega_V2,0.025656,0.35738,-0.25956,-0.29678,0.0059071,-0.16896,-0.0059226,1,-0.16611,0.2028
a,0.0026085,-0.19824,0.21221,-0.019122,0.0069971,-0.013603,-0.10185,-0.16611,1,-0.53991
b,0.0068581,0.14381,-0.087931,-0.080837,-0.025037,-0.046144,0.014669,0.2028,-0.53991,1
