Cl_pop,1,-0.95372,0.008794,-0.035574,0.0084917,0.011773,-0.026538,0.0040232,0.0083565
beta_Cl_tSCRMGDL,-0.95372,1,-0.0055878,0.018791,-0.0071466,-0.012462,0.019787,0.0023368,-0.0029314
V1_pop,0.008794,-0.0055878,1,-0.058704,0.010524,-0.12109,0.22485,0.22928,0.049724
V2_pop,-0.035574,0.018791,-0.058704,1,-0.015311,-0.12855,0.34158,-0.047952,-0.070771
omega_Cl,0.0084917,-0.0071466,0.010524,-0.015311,1,-0.023576,0.018616,0.0070099,-0.017548
omega_V1,0.011773,-0.012462,-0.12109,-0.12855,-0.023576,1,-0.41463,-0.21984,-0.041951
omega_Q,-0.026538,0.019787,0.22485,0.34158,0.018616,-0.41463,1,0.084735,0.023764
omega_V2,0.0040232,0.0023368,0.22928,-0.047952,0.0070099,-0.21984,0.084735,1,-0.0048633
a,0.0083565,-0.0029314,0.049724,-0.070771,-0.017548,-0.041951,0.023764,-0.0048633,1
