Cl_pop,16.472,-0.70904,0.084,-0.52585,0.0014881,0.0041705,-0.047651,0.0037292,0.0067657
beta_Cl_tSCRMGDL,-0.70904,0.033555,-0.002409,0.012537,-5.6526e-5,-0.00019926,0.0016036,9.7762e-5,-0.00010712
V1_pop,0.084,-0.002409,5.5391,-0.5032,0.0010694,-0.024874,0.23412,0.12324,0.023345
V2_pop,-0.52585,0.012537,-0.5032,13.265,-0.0024079,-0.040864,0.5504,-0.039886,-0.051418
omega_Cl,0.0014881,-5.6526e-5,0.0010694,-0.0024079,0.0018644,-8.8855e-5,0.00035562,6.9126e-5,-0.00015115
omega_V1,0.0041705,-0.00019926,-0.024874,-0.040864,-8.8855e-5,0.0076184,-0.016011,-0.0043823,-0.00073045
omega_Q,-0.047651,0.0016036,0.23412,0.5504,0.00035562,-0.016011,0.19573,0.0085616,0.0020973
omega_V2,0.0037292,9.7762e-5,0.12324,-0.039886,6.9126e-5,-0.0043823,0.0085616,0.052159,-0.00022157
a,0.0067657,-0.00010712,0.023345,-0.051418,-0.00015115,-0.00073045,0.0020973,-0.00022157,0.039794
