Cl_pop,1,-0.17669,0.044901,-0.04497,-0.95673,0.075241,-0.18456,0.022628,0.29479
beta_Cl_tSCRMGDL,-0.17669,1,0.0020961,-0.0051129,-0.10383,0.017625,-0.028918,0.0008698,0.036378
V1_pop,0.044901,0.0020961,1,-0.15033,-0.045469,-0.0028063,-0.13289,0.12247,0.054362
V2_pop,-0.04497,-0.0051129,-0.15033,1,0.042553,-0.20269,0.54689,-0.23357,-0.17123
omega_Cl,-0.95673,-0.10383,-0.045469,0.042553,1,-0.080951,0.19292,-0.021903,-0.31085
omega_V1,0.075241,0.017625,-0.0028063,-0.20269,-0.080951,1,-0.36547,-0.063277,0.047539
omega_Q,-0.18456,-0.028918,-0.13289,0.54689,0.19292,-0.36547,1,-0.1281,-0.21552
omega_V2,0.022628,0.0008698,0.12247,-0.23357,-0.021903,-0.063277,-0.1281,1,0.03302
a,0.29479,0.036378,0.054362,-0.17123,-0.31085,0.047539,-0.21552,0.03302,1
