Cl_pop,1,-0.95343,0.0081996,-0.041142,-0.0050984,0.018282,-0.019276,-0.025712,0.037738
beta_Cl_tSCRMGDL,-0.95343,1,-0.0060106,0.021933,0.0072081,-0.016378,0.019336,0.024846,-0.034821
V1_pop,0.0081996,-0.0060106,1,-0.22793,-0.027334,-0.021529,-0.22865,0.16832,0.062649
V2_pop,-0.041142,0.021933,-0.22793,1,-0.0002986,-0.18865,0.39966,0.014353,-0.12812
omega_Cl,-0.0050984,0.0072081,-0.027334,-0.0002986,1,-0.041968,0.058286,-0.017103,-0.096829
omega_V1,0.018282,-0.016378,-0.021529,-0.18865,-0.041968,1,-0.42295,-0.19501,0.087348
omega_Q,-0.019276,0.019336,-0.22865,0.39966,0.058286,-0.42295,1,0.00042297,-0.14331
omega_V2,-0.025712,0.024846,0.16832,0.014353,-0.017103,-0.19501,0.00042297,1,-0.15296
a,0.037738,-0.034821,0.062649,-0.12812,-0.096829,0.087348,-0.14331,-0.15296,1
