Cl_pop,17.065,-0.73214,0.084657,-0.68381,-0.00097296,0.0078296,-0.035587,-0.029725,0.077828
beta_Cl_tSCRMGDL,-0.73214,0.034554,-0.0027924,0.016404,6.1897e-5,-0.00031562,0.0016064,0.0012925,-0.0032314
V1_pop,0.084657,-0.0027924,6.2464,-2.292,-0.0031558,-0.0055783,-0.25539,0.11773,0.078169
V2_pop,-0.68381,0.016404,-2.292,16.188,-5.55e-5,-0.078687,0.71863,0.01616,-0.25734
omega_Cl,-0.00097296,6.1897e-5,-0.0031558,-5.55e-5,0.0021341,-0.00020099,0.0012033,-0.00022111,-0.0022331
omega_V1,0.0078296,-0.00031562,-0.0055783,-0.078687,-0.00020099,0.010748,-0.019596,-0.0056578,0.0045208
omega_Q,-0.035587,0.0016064,-0.25539,0.71863,0.0012033,-0.019596,0.19973,5.2899e-5,-0.031975
omega_V2,-0.029725,0.0012925,0.11773,0.01616,-0.00022111,-0.0056578,5.2899e-5,0.078315,-0.02137
a,0.077828,-0.0032314,0.078169,-0.25734,-0.0022331,0.0045208,-0.031975,-0.02137,0.24923
