Cl_pop,1,-0.92071,-0.0073919,-0.0032009,0.016348,-0.012156,0.010632,-0.0013163,0.0081604
beta_Cl_tSCRMGDL,-0.92071,1,0.029815,-0.030536,-0.27748,0.044774,-0.046871,-0.00040782,0.0093465
V1_pop,-0.0073919,0.029815,1,-0.53662,-0.040666,0.50621,-0.59185,0.041445,0.14227
V2_pop,-0.0032009,-0.030536,-0.53662,1,0.044112,-0.60618,0.745,-0.027208,-0.21312
omega_Cl,0.016348,-0.27748,-0.040666,0.044112,1,-0.072708,0.075486,0.011696,-0.044274
omega_V1,-0.012156,0.044774,0.50621,-0.60618,-0.072708,1,-0.78663,-0.23826,0.16728
omega_Q,0.010632,-0.046871,-0.59185,0.745,0.075486,-0.78663,1,0.099584,-0.19881
omega_V2,-0.0013163,-0.00040782,0.041445,-0.027208,0.011696,-0.23826,0.099584,1,-0.052728
a,0.0081604,0.0093465,0.14227,-0.21312,-0.044274,0.16728,-0.19881,-0.052728,1
