Cl_pop,1,-0.95407,0.00053763,-0.013652,0.010154,-0.011661,0.0012075,-0.0042393,0.0087551
beta_Cl_tSCRMGDL,-0.95407,1,0.001691,0.0043608,-0.011415,0.0097806,-0.005943,0.006433,-0.0056243
V1_pop,0.00053763,0.001691,1,-0.1492,0.0020397,-0.019416,-0.14062,0.15553,0.0026074
V2_pop,-0.013652,0.0043608,-0.1492,1,-0.0082204,0.021737,0.32026,-0.18501,-0.094377
omega_Cl,0.010154,-0.011415,0.0020397,-0.0082204,1,-0.013256,0.0087055,0.001221,-0.013314
omega_V1,-0.011661,0.0097806,-0.019416,0.021737,-0.013256,1,-0.13546,-0.096242,-0.085458
omega_Q,0.0012075,-0.005943,-0.14062,0.32026,0.0087055,-0.13546,1,-0.13901,-0.036817
omega_V2,-0.0042393,0.006433,0.15553,-0.18501,0.001221,-0.096242,-0.13901,1,0.041258
a,0.0087551,-0.0056243,0.0026074,-0.094377,-0.013314,-0.085458,-0.036817,0.041258,1
