Cl_pop,1,-0.93368,0.01079,-0.037786,-0.0022684,0.0030078,-0.022811,0.0054585,0.027479
beta_Cl_tSCRMGDL,-0.93368,1,-0.0091491,0.018187,0.20617,-0.0071277,0.021155,0.00051021,-0.019986
V1_pop,0.01079,-0.0091491,1,-0.15726,-0.0059721,-0.012529,-0.15577,0.15634,0.068772
V2_pop,-0.037786,0.018187,-0.15726,1,-0.016988,-0.0863,0.34238,-0.12097,-0.18742
omega_Cl,-0.0022684,0.20617,-0.0059721,-0.016988,1,-0.0061855,0.006342,-0.0041985,-0.021641
omega_V1,0.0030078,-0.0071277,-0.012529,-0.0863,-0.0061855,1,-0.33378,-0.1761,-0.074894
omega_Q,-0.022811,0.021155,-0.15577,0.34238,0.006342,-0.33378,1,-0.039429,-0.10288
omega_V2,0.0054585,0.00051021,0.15634,-0.12097,-0.0041985,-0.1761,-0.039429,1,0.03825
a,0.027479,-0.019986,0.068772,-0.18742,-0.021641,-0.074894,-0.10288,0.03825,1
