Cl_pop,1,-0.9538,0.0081854,-0.018685,0.013245,-0.0060005,-0.005476,0.004179,0.0059357
beta_Cl_tSCRMGDL,-0.9538,1,-0.00095371,0.00064748,-0.011737,0.0008182,-0.0051353,0.0090804,-0.0011918
V1_pop,0.0081854,-0.00095371,1,-0.25496,0.025407,-0.16855,-0.20561,0.32433,0.035422
V2_pop,-0.018685,0.00064748,-0.25496,1,-0.04554,0.10334,0.47926,-0.4819,-0.13411
omega_Cl,0.013245,-0.011737,0.025407,-0.04554,1,-0.018158,-0.021975,0.045084,-0.006034
omega_V1,-0.0060005,0.0008182,-0.16855,0.10334,-0.018158,1,0.016768,-0.15696,-0.070754
omega_Q,-0.005476,-0.0051353,-0.20561,0.47926,-0.021975,0.016768,1,-0.40247,-0.067336
omega_V2,0.004179,0.0090804,0.32433,-0.4819,0.045084,-0.15696,-0.40247,1,0.11848
a,0.0059357,-0.0011918,0.035422,-0.13411,-0.006034,-0.070754,-0.067336,0.11848,1
