Cl_pop,16.237,-0.70019,0.077819,-0.31405,0.0022344,-0.0016004,-0.0073633,0.0052308,0.0029848
beta_Cl_tSCRMGDL,-0.70019,0.03319,-0.00040994,0.00049202,-8.9515e-5,9.866e-6,-0.00031219,0.00051386,-2.7096e-5
V1_pop,0.077819,-0.00040994,5.5666,-2.5091,0.0025095,-0.026321,-0.16188,0.2377,0.010429
V2_pop,-0.31405,0.00049202,-2.5091,17.398,-0.0079521,0.028529,0.66708,-0.62437,-0.069809
omega_Cl,0.0022344,-8.9515e-5,0.0025095,-0.0079521,0.0017526,-5.0314e-5,-0.00030698,0.00058627,-3.1523e-5
omega_V1,-0.0016004,9.866e-6,-0.026321,0.028529,-5.0314e-5,0.0043807,0.00037034,-0.0032269,-0.0005844
omega_Q,-0.0073633,-0.00031219,-0.16188,0.66708,-0.00030698,0.00037034,0.11135,-0.041718,-0.0028041
omega_V2,0.0052308,0.00051386,0.2377,-0.62437,0.00058627,-0.0032269,-0.041718,0.096488,0.0045926
a,0.0029848,-2.7096e-5,0.010429,-0.069809,-3.1523e-5,-0.0005844,-0.0028041,0.0045926,0.015573
