Cl_pop,1,-0.95383,0.0046172,-0.026036,0.0086831,-0.000449,-0.015481,-0.00043752,0.0089407
beta_Cl_tSCRMGDL,-0.95383,1,-0.0027965,0.01304,-0.0078184,-0.0012409,0.010248,0.0044561,-0.0034176
V1_pop,0.0046172,-0.0027965,1,-0.20301,0.0039746,-0.026923,-0.23326,0.16911,0.027925
V2_pop,-0.026036,0.01304,-0.20301,1,-0.012321,-0.0088077,0.44797,-0.19567,-0.13724
omega_Cl,0.0086831,-0.0078184,0.0039746,-0.012321,1,-0.0043757,0.0041349,-0.0041219,-0.023518
omega_V1,-0.000449,-0.0012409,-0.026923,-0.0088077,-0.0043757,1,-0.11133,-0.12058,0.0061429
omega_Q,-0.015481,0.010248,-0.23326,0.44797,0.0041349,-0.11133,1,-0.19518,-0.19596
omega_V2,-0.00043752,0.0044561,0.16911,-0.19567,-0.0041219,-0.12058,-0.19518,1,-0.0092266
a,0.0089407,-0.0034176,0.027925,-0.13724,-0.023518,0.0061429,-0.19596,-0.0092266,1
