Cl_pop,15.998,-0.69797,0.062392,-0.40857,-0.0027241,5.3931e-5,-0.020976,-0.0020402,0.012478
beta_Cl_tSCRMGDL,-0.69797,0.033501,-0.0024097,0.010578,-7.0234e-5,-4.2026e-5,0.00087579,0.00027637,-0.00029886
V1_pop,0.062392,-0.0024097,5.0756,-1.1283,0.00056253,-0.014086,-0.059668,0.12076,0.012479
V2_pop,-0.40857,0.010578,-1.1283,12.71,-0.004306,0.0040404,0.34913,-0.1352,-0.06211
omega_Cl,-0.0027241,-7.0234e-5,0.00056253,-0.004306,0.0018906,-5.9787e-5,0.00011932,-1.4416e-5,-0.00010389
omega_V1,5.3931e-5,-4.2026e-5,-0.014086,0.0040404,-5.9787e-5,0.0051396,-0.0042491,-0.0024021,-0.0010974
omega_Q,-0.020976,0.00087579,-0.059668,0.34913,0.00011932,-0.0042491,0.12115,-0.0084186,-0.0016467
omega_V2,-0.0020402,0.00027637,0.12076,-0.1352,-1.4416e-5,-0.0024021,-0.0084186,0.057329,-0.00068169
a,0.012478,-0.00029886,0.012479,-0.06211,-0.00010389,-0.0010974,-0.0016467,-0.00068169,0.041102
