Cl_pop,1,-0.95363,0.027225,-0.038497,0.017705,-0.023267,-0.023482,0.017868,0.0072297
beta_Cl_tSCRMGDL,-0.95363,1,-0.016901,0.018554,-0.015794,0.012518,0.013921,-0.0056102,-0.0020345
V1_pop,0.027225,-0.016901,1,-0.34511,-0.00097805,-0.35066,-0.2602,0.4047,0.047624
V2_pop,-0.038497,0.018554,-0.34511,1,-0.014142,0.24982,0.42193,-0.40109,-0.097571
omega_Cl,0.017705,-0.015794,-0.00097805,-0.014142,1,-0.0029758,0.0041325,-0.01337,-0.025036
omega_V1,-0.023267,0.012518,-0.35066,0.24982,-0.0029758,1,0.088786,-0.35916,-0.072444
omega_Q,-0.023482,0.013921,-0.2602,0.42193,0.0041325,0.088786,1,-0.32309,-0.061868
omega_V2,0.017868,-0.0056102,0.4047,-0.40109,-0.01337,-0.35916,-0.32309,1,0.037736
a,0.0072297,-0.0020345,0.047624,-0.097571,-0.025036,-0.072444,-0.061868,0.037736,1
