Cl_pop,16.459,-0.70829,0.29472,-0.63674,0.0031199,-0.0083574,-0.032662,0.020531,0.0063286
beta_Cl_tSCRMGDL,-0.70829,0.033517,-0.0082565,0.013849,-0.00012559,0.0002029,0.00087381,-0.00029089,-8.0366e-5
V1_pop,0.29472,-0.0082565,7.1201,-3.7545,-0.00011335,-0.082842,-0.23805,0.30584,0.027419
V2_pop,-0.63674,0.013849,-3.7545,16.622,-0.0025043,0.090176,0.58979,-0.46312,-0.085832
omega_Cl,0.0031199,-0.00012559,-0.00011335,-0.0025043,0.0018865,-1.1443e-5,6.1539e-5,-0.00016447,-0.00023463
omega_V1,-0.0083574,0.0002029,-0.082842,0.090176,-1.1443e-5,0.0078387,0.0026951,-0.0090059,-0.0013839
omega_Q,-0.032662,0.00087381,-0.23805,0.58979,6.1539e-5,0.0026951,0.11755,-0.031373,-0.0045768
omega_V2,0.020531,-0.00029089,0.30584,-0.46312,-0.00016447,-0.0090059,-0.031373,0.080211,0.002306
a,0.0063286,-8.0366e-5,0.027419,-0.085832,-0.00023463,-0.0013839,-0.0045768,0.002306,0.046556
