Cl_pop,1,-0.95382,0.0049047,-0.028733,0.017067,0.011747,-0.013257,-0.0080949,0.0065515
beta_Cl_tSCRMGDL,-0.95382,1,-0.0064583,0.015367,-0.010461,-0.0096021,0.0099051,0.0071298,-0.0037178
V1_pop,0.0049047,-0.0064583,1,-0.028316,-0.011283,0.040188,-0.11656,0.12383,0.0071539
V2_pop,-0.028733,0.015367,-0.028316,1,-0.0014807,-0.20651,0.35642,0.35415,-0.1239
omega_Cl,0.017067,-0.010461,-0.011283,-0.0014807,1,-0.026,0.031857,0.0039402,-0.034855
omega_V1,0.011747,-0.0096021,0.040188,-0.20651,-0.026,1,-0.37429,-0.10111,0.017462
omega_Q,-0.013257,0.0099051,-0.11656,0.35642,0.031857,-0.37429,1,-0.0050013,-0.12071
omega_V2,-0.0080949,0.0071298,0.12383,0.35415,0.0039402,-0.10111,-0.0050013,1,-0.027907
a,0.0065515,-0.0037178,0.0071539,-0.1239,-0.034855,0.017462,-0.12071,-0.027907,1
