Cl_pop,16.423,-0.70746,0.018158,-0.38151,0.0021043,-0.0013768,-0.011379,-0.0030176,0.0071861
beta_Cl_tSCRMGDL,-0.70746,0.0335,-0.00049727,0.0093346,-5.6547e-5,-8.6851e-6,0.00044925,0.00030766,-0.00016861
V1_pop,0.018158,-0.00049727,5.0667,-1.5811,-0.0005012,0.019367,-0.1934,0.05621,0.036177
V2_pop,-0.38151,0.0093346,-1.5811,22.409,-0.0011877,-0.10918,0.9103,0.15236,-0.11761
omega_Cl,0.0021043,-5.6547e-5,-0.0005012,-0.0011877,0.0018775,-6.8914e-5,0.00034722,-5.2979e-5,-0.00026231
omega_V1,-0.0013768,-8.6851e-6,0.019367,-0.10918,-6.8914e-5,0.010961,-0.017838,-0.0033037,-0.00093122
omega_Q,-0.011379,0.00044925,-0.1934,0.9103,0.00034722,-0.017838,0.16438,-0.0012134,-0.012242
omega_V2,-0.0030176,0.00030766,0.05621,0.15236,-5.2979e-5,-0.0033037,-0.0012134,0.048891,0.0027459
a,0.0071861,-0.00016861,0.036177,-0.11761,-0.00026231,-0.00093122,-0.012242,0.0027459,0.041062
