Cl_pop,16.436,-0.70762,-0.018397,-0.22725,0.0035285,-0.005544,0.012293,0.0040985,0.0058895
beta_Cl_tSCRMGDL,-0.70762,0.033495,0.0023577,-0.0010717,-0.00013095,0.00027523,-0.0010426,0.00013392,-0.00019361
V1_pop,-0.018397,0.0023577,5.3074,-2.0791,0.00058441,0.022364,-0.18026,0.11437,0.0078238
V2_pop,-0.22725,-0.0010717,-2.0791,16.642,-0.0034393,-0.068002,0.85589,-0.28007,-0.046725
omega_Cl,0.0035285,-0.00013095,0.00058441,-0.0034393,0.001856,-9.459e-5,0.00034737,0.0001534,-0.00012515
omega_V1,-0.005544,0.00027523,0.022364,-0.068002,-9.459e-5,0.007715,-0.013655,-0.00072705,-0.0009528
omega_Q,0.012293,-0.0010426,-0.18026,0.85589,0.00034737,-0.013655,0.17741,-0.021512,-0.0041287
omega_V2,0.0040985,0.00013392,0.11437,-0.28007,0.0001534,-0.00072705,-0.021512,0.058329,0.00015723
a,0.0058895,-0.00019361,0.0078238,-0.046725,-0.00012515,-0.0009528,-0.0041287,0.00015723,0.040752
