Cl_pop,16.452,-0.70846,0.082587,-0.37601,0.0019487,-0.0013961,-0.0084803,-0.0026748,0.0087621
beta_Cl_tSCRMGDL,-0.70846,0.033546,-0.0012994,0.0059568,-8.8713e-5,1.4267e-5,9.2897e-5,0.00044957,-0.00014221
V1_pop,0.082587,-0.0012994,5.9841,-2.0116,0.0011603,-0.035608,-0.2458,0.13183,0.039099
V2_pop,-0.37601,0.0059568,-2.0116,14.391,-0.0045067,0.0065256,0.36287,-0.16559,-0.1063
omega_Cl,0.0019487,-8.8713e-5,0.0011603,-0.0045067,0.0018277,-3.3895e-5,-1.4847e-5,5.83e-5,-2.7038e-5
omega_V1,-0.0013961,1.4267e-5,-0.035608,0.0065256,-3.3895e-5,0.0056436,-0.0017139,-0.0024626,-0.00088518
omega_Q,-0.0084803,9.2897e-5,-0.2458,0.36287,-1.4847e-5,-0.0017139,0.088334,-0.013788,-0.0048553
omega_V2,-0.0026748,0.00044957,0.13183,-0.16559,5.83e-5,-0.0024626,-0.013788,0.05573,0.0014492
a,0.0087621,-0.00014221,0.039099,-0.1063,-2.7038e-5,-0.00088518,-0.0048553,0.0014492,0.040519
