Cl_pop,1,-0.95389,0.00055408,-0.045703,0.018117,0.027131,-0.03711,-0.011155,-0.0071827
beta_Cl_tSCRMGDL,-0.95389,1,-0.0014284,0.03411,-0.010622,-0.026916,0.032388,0.012525,0.0055157
V1_pop,0.00055408,-0.0014284,1,0.059551,-0.0018422,-0.021557,0.026683,0.10586,0.0092706
V2_pop,-0.045703,0.03411,0.059551,1,-0.010151,-0.41751,0.63762,0.29531,0.21893
omega_Cl,0.018117,-0.010622,-0.0018422,-0.010151,1,0.0021221,0.0050724,0.0074522,-0.034937
omega_V1,0.027131,-0.026916,-0.021557,-0.41751,0.0021221,1,-0.60623,0.04207,-0.34864
omega_Q,-0.03711,0.032388,0.026683,0.63762,0.0050724,-0.60623,1,-0.13672,0.37953
omega_V2,-0.011155,0.012525,0.10586,0.29531,0.0074522,0.04207,-0.13672,1,-0.1674
a,-0.0071827,0.0055157,0.0092706,0.21893,-0.034937,-0.34864,0.37953,-0.1674,1
