Cl_pop,14.397,-0.65527,-0.041297,-0.12585,-0.025367,-0.0032889,0.014385,-0.001434,0.0079478
beta_Cl_tSCRMGDL,-0.65527,0.033507,0.0039308,-0.0025731,1.9831e-5,0.00020098,-0.0010849,0.00043228,-0.00033109
V1_pop,-0.041297,0.0039308,5.7926,-2.8381,0.00036346,0.03295,-0.29362,0.13152,0.020196
V2_pop,-0.12585,-0.0025731,-2.8381,16.006,-0.0035188,-0.059416,0.72131,-0.32746,-0.053593
omega_Cl,-0.025367,1.9831e-5,0.00036346,-0.0035188,0.0020116,-4.191e-5,1.1311e-5,7.0313e-5,-0.00022764
omega_V1,-0.0032889,0.00020098,0.03295,-0.059416,-4.191e-5,0.0086129,-0.01204,-0.0023467,-0.00068176
omega_Q,0.014385,-0.0010849,-0.29362,0.72131,1.1311e-5,-0.01204,0.14937,-0.021395,-0.0042918
omega_V2,-0.001434,0.00043228,0.13152,-0.32746,7.0313e-5,-0.0023467,-0.021395,0.065387,-0.00022364
a,0.0079478,-0.00033109,0.020196,-0.053593,-0.00022764,-0.00068176,-0.0042918,-0.00022364,0.040665
