Cl_pop,1,-0.95334,0.0063115,-0.021917,-0.005376,-0.0068253,-0.001487,0.013902,0.012931
beta_Cl_tSCRMGDL,-0.95334,1,0.0048426,-0.0073553,-0.0045735,0.0043119,-0.012287,0.0099947,-0.0027103
V1_pop,0.0063115,0.0048426,1,-0.39266,0.0092457,-0.14439,-0.29319,0.33377,0.079603
V2_pop,-0.021917,-0.0073553,-0.39266,1,-0.024426,0.047502,0.48396,-0.87472,-0.14755
omega_Cl,-0.005376,-0.0045735,0.0092457,-0.024426,1,-0.0015713,0.0082786,0.01551,-0.0055061
omega_V1,-0.0068253,0.0043119,-0.14439,0.047502,-0.0015713,1,-0.098755,-0.084394,-0.019658
omega_Q,-0.001487,-0.012287,-0.29319,0.48396,0.0082786,-0.098755,1,-0.36715,-0.1136
omega_V2,0.013902,0.0099947,0.33377,-0.87472,0.01551,-0.084394,-0.36715,1,0.080146
a,0.012931,-0.0027103,0.079603,-0.14755,-0.0055061,-0.019658,-0.1136,0.080146,1
