Cl_pop,16.503,-0.71031,0.49577,-0.46599,0.0044261,-0.011005,-0.014333,0.0078556,0.0043147
beta_Cl_tSCRMGDL,-0.71031,0.033611,-0.017663,0.0048263,-0.00016339,0.0006861,-0.00040755,-9.114e-5,-4.8536e-5
V1_pop,0.49577,-0.017663,13.827,-2.1113,0.0050685,-0.46587,0.0089389,0.20812,0.083819
V2_pop,-0.46599,0.0048263,-2.1113,21.777,0.0046321,-0.37248,1.4481,-0.30872,-0.019679
omega_Cl,0.0044261,-0.00016339,0.0050685,0.0046321,0.001857,-0.00054208,0.001079,-1.7006e-5,-7.6111e-5
omega_V1,-0.011005,0.0006861,-0.46587,-0.37248,-0.00054208,0.038528,-0.056887,-0.0025653,-0.0055242
omega_Q,-0.014333,-0.00040755,0.0089389,1.4481,0.001079,-0.056887,0.22071,-0.018133,0.0014825
omega_V2,0.0078556,-9.114e-5,0.20812,-0.30872,-1.7006e-5,-0.0025653,-0.018133,0.048531,0.0006484
a,0.0043147,-4.8536e-5,0.083819,-0.019679,-7.6111e-5,-0.0055242,0.0014825,0.0006484,0.03862
