Cl_pop,1,-0.89213,0.0052334,-0.030731,0.34631,-0.0027143,-0.011031,-0.010623,0.016617
beta_Cl_tSCRMGDL,-0.89213,1,-0.0015976,0.0064782,0.0070437,-0.0046856,0.0054105,0.015361,-0.0096538
V1_pop,0.0052334,-0.0015976,1,-0.13784,0.0011006,-0.0046429,-0.087731,0.16106,0.045959
V2_pop,-0.030731,0.0064782,-0.13784,1,-0.023501,-0.028638,0.3944,-0.23131,-0.17396
omega_Cl,0.34631,0.0070437,0.0011006,-0.023501,1,-0.014704,0.0050263,-0.0088271,-0.018254
omega_V1,-0.0027143,-0.0046856,-0.0046429,-0.028638,-0.014704,1,-0.14771,-0.092354,-0.04252
omega_Q,-0.011031,0.0054105,-0.087731,0.3944,0.0050263,-0.14771,1,-0.21196,-0.12813
omega_V2,-0.010623,0.015361,0.16106,-0.23131,-0.0088271,-0.092354,-0.21196,1,0.059041
a,0.016617,-0.0096538,0.045959,-0.17396,-0.018254,-0.04252,-0.12813,0.059041,1
