Cl_pop,26.411,-0.83953,0.059336,-0.60606,0.088197,-0.0010351,-0.018544,-0.013005,0.017525
beta_Cl_tSCRMGDL,-0.83953,0.033529,-0.00064537,0.0045521,6.3915e-5,-6.3666e-5,0.00032408,0.00067004,-0.00036277
V1_pop,0.059336,-0.00064537,4.8671,-1.1669,0.00012032,-0.00076008,-0.063313,0.084642,0.020808
V2_pop,-0.60606,0.0045521,-1.1669,14.726,-0.0044692,-0.0081548,0.49508,-0.21145,-0.137
omega_Cl,0.088197,6.3915e-5,0.00012032,-0.0044692,0.0024558,-5.407e-5,8.1479e-5,-0.0001042,-0.00018564
omega_V1,-0.0010351,-6.3666e-5,-0.00076008,-0.0081548,-5.407e-5,0.0055064,-0.0035856,-0.0016325,-0.00064753
omega_Q,-0.018544,0.00032408,-0.063313,0.49508,8.1479e-5,-0.0035856,0.10701,-0.016517,-0.0086017
omega_V2,-0.013005,0.00067004,0.084642,-0.21145,-0.0001042,-0.0016325,-0.016517,0.056746,0.0028864
a,0.017525,-0.00036277,0.020808,-0.137,-0.00018564,-0.00064753,-0.0086017,0.0028864,0.042117
