Cl_pop,1,-0.95357,0.0037559,-0.033988,0.0033464,0.0052664,-0.024699,0.024893,0.010975
beta_Cl_tSCRMGDL,-0.95357,1,0.00015059,0.012171,-0.00010957,0.0023445,0.007041,-0.010516,-0.0037759
V1_pop,0.0037559,0.00015059,1,-0.20072,0.010037,0.183,-0.081329,0.20069,0.010727
V2_pop,-0.033988,0.012171,-0.20072,1,-0.039607,-0.28595,0.58382,-0.35589,-0.19387
omega_Cl,0.0033464,-0.00010957,0.010037,-0.039607,1,0.0022894,-0.024226,0.033271,-0.0073873
omega_V1,0.0052664,0.0023445,0.183,-0.28595,0.0022894,1,-0.4471,0.015517,0.10609
omega_Q,-0.024699,0.007041,-0.081329,0.58382,-0.024226,-0.4471,1,-0.31079,-0.24525
omega_V2,0.024893,-0.010516,0.20069,-0.35589,0.033271,0.015517,-0.31079,1,0.076043
a,0.010975,-0.0037759,0.010727,-0.19387,-0.0073873,0.10609,-0.24525,0.076043,1
