Cl_pop,16.443,-0.70835,0.092213,-0.43755,0.00040695,0.0019026,-0.022008,0.0054107,0.0070013
beta_Cl_tSCRMGDL,-0.70835,0.033548,-0.0060548,0.0066986,-2.5487e-5,-0.00015196,0.00060183,0.00025865,-0.00012317
V1_pop,0.092213,-0.0060548,11.967,-0.035411,-0.00085086,0.16772,-0.016669,-0.02062,0.015003
V2_pop,-0.43755,0.0066986,-0.035411,16.391,-0.0043834,0.0044326,0.59587,-0.2417,-0.080365
omega_Cl,0.00040695,-2.5487e-5,-0.00085086,-0.0043834,0.0018513,8.8813e-6,-0.00010572,3.7008e-5,-0.00019198
omega_V1,0.0019026,-0.00015196,0.16772,0.0044326,8.8813e-6,0.0051818,-0.0020426,-0.001721,-0.000945
omega_Q,-0.022008,0.00060183,-0.016669,0.59587,-0.00010572,-0.0020426,0.12413,-0.024416,-0.00072574
omega_V2,0.0054107,0.00025865,-0.02062,-0.2417,3.7008e-5,-0.001721,-0.024416,0.053381,0.0016902
a,0.0070013,-0.00012317,0.015003,-0.080365,-0.00019198,-0.000945,-0.00072574,0.0016902,0.041525
