Cl_pop,1,-0.95197,0.012699,-0.045794,0.022638,0.012036,-0.038189,0.012668,0.019932
beta_Cl_tSCRMGDL,-0.95197,1,-0.0095856,0.025959,-0.084013,-0.0091474,0.023805,-0.00092825,-0.0095586
V1_pop,0.012699,-0.0095856,1,-0.16312,-0.0039558,-0.071479,-0.14509,0.17229,0.086604
V2_pop,-0.045794,0.025959,-0.16312,1,0.031476,-0.27761,0.77438,-0.44439,-0.32451
omega_Cl,0.022638,-0.084013,-0.0039558,0.031476,1,-0.033364,0.05836,-0.026676,-0.045093
omega_V1,0.012036,-0.0091474,-0.071479,-0.27761,-0.033364,1,-0.36817,0.078113,0.066933
omega_Q,-0.038189,0.023805,-0.14509,0.77438,0.05836,-0.36817,1,-0.42957,-0.34291
omega_V2,0.012668,-0.00092825,0.17229,-0.44439,-0.026676,0.078113,-0.42957,1,0.15445
a,0.019932,-0.0095586,0.086604,-0.32451,-0.045093,0.066933,-0.34291,0.15445,1
