Cl_pop,17.779,-0.52886,0.7727,-1.2659,-0.23664,0.032366,-0.22889,0.02855,0.070031
beta_Cl_tSCRMGDL,-0.52886,0.033663,0.025051,-0.036719,-0.00061383,0.0011046,-0.006367,0.0011829,0.0010507
V1_pop,0.7727,0.025051,12.677,-13.743,-0.033382,0.29723,-2.0652,0.33649,0.3178
V2_pop,-1.2659,-0.036719,-13.743,33.69,0.050012,-0.46595,3.5847,-0.62965,-0.57692
omega_Cl,-0.23664,-0.00061383,-0.033382,0.050012,0.0070797,-0.0014734,0.0095774,-0.0013468,-0.0026601
omega_V1,0.032366,0.0011046,0.29723,-0.46595,-0.0014734,0.018026,-0.07569,0.0063448,0.011439
omega_Q,-0.22889,-0.006367,-2.0652,3.5847,0.0095774,-0.07569,0.59904,-0.080441,-0.087167
omega_V2,0.02855,0.0011829,0.33649,-0.62965,-0.0013468,0.0063448,-0.080441,0.063782,0.012291
a,0.070031,0.0010507,0.3178,-0.57692,-0.0026601,0.011439,-0.087167,0.012291,0.054586
