Cl_pop,1,-0.95373,0.0092712,-0.029297,0.011053,-0.0063923,-0.014482,0.0069518,0.005572
beta_Cl_tSCRMGDL,-0.95373,1,-0.0060677,0.016459,-0.0081764,0.0023175,0.014622,-0.0012839,-0.0014758
V1_pop,0.0092712,-0.0060677,1,-0.22119,0.001162,-0.21882,-0.19665,0.24504,0.05554
V2_pop,-0.029297,0.016459,-0.22119,1,-0.010122,-0.028195,0.38316,-0.25112,-0.17092
omega_Cl,0.011053,-0.0081764,0.001162,-0.010122,1,-0.01729,0.024636,-0.0063381,-0.023011
omega_V1,-0.0063923,0.0023175,-0.21882,-0.028195,-0.01729,1,-0.19228,-0.12521,0.055061
omega_Q,-0.014482,0.014622,-0.19665,0.38316,0.024636,-0.19228,1,-0.2082,-0.19052
omega_V2,0.0069518,-0.0012839,0.24504,-0.25112,-0.0063381,-0.12521,-0.2082,1,0.052554
a,0.005572,-0.0014758,0.05554,-0.17092,-0.023011,0.055061,-0.19052,0.052554,1
