Cl_pop,16.46,-0.70888,0.08856,-0.45335,0.0019315,-0.0021753,-0.020869,0.0068197,0.0045767
beta_Cl_tSCRMGDL,-0.70888,0.033562,-0.0026171,0.0115,-6.4517e-5,3.561e-5,0.00095145,-5.6872e-5,-5.4736e-5
V1_pop,0.08856,-0.0026171,5.5432,-1.9862,0.00011783,-0.043213,-0.16445,0.1395,0.026474
V2_pop,-0.45335,0.0115,-1.9862,14.547,-0.0016628,-0.0090198,0.51906,-0.23158,-0.13198
omega_Cl,0.0019315,-6.4517e-5,0.00011783,-0.0016628,0.0018552,-6.2463e-5,0.00037689,-6.6008e-5,-0.00020065
omega_V1,-0.0021753,3.561e-5,-0.043213,-0.0090198,-6.2463e-5,0.0070354,-0.0057283,-0.0025393,0.000935
omega_Q,-0.020869,0.00095145,-0.16445,0.51906,0.00037689,-0.0057283,0.12615,-0.01788,-0.0137
omega_V2,0.0068197,-5.6872e-5,0.1395,-0.23158,-6.6008e-5,-0.0025393,-0.01788,0.058465,0.0025726
a,0.0045767,-5.4736e-5,0.026474,-0.13198,-0.00020065,0.000935,-0.0137,0.0025726,0.040988
