Cl_pop,1,-0.95362,0.019478,-0.031762,-0.0047514,0.0012987,-0.021881,0.016594,0.015187
beta_Cl_tSCRMGDL,-0.95362,1,-0.012137,0.012911,-0.003232,-0.0033752,0.018103,-0.0044132,-0.0063997
V1_pop,0.019478,-0.012137,1,-0.30983,0.0071009,-0.1993,-0.12198,0.26387,0.072765
V2_pop,-0.031762,0.012911,-0.30983,1,-0.019381,0.072706,0.28918,-0.84003,-0.10789
omega_Cl,-0.0047514,-0.003232,0.0071009,-0.019381,1,-0.0297,0.031044,0.013323,-0.01854
omega_V1,0.0012987,-0.0033752,-0.1993,0.072706,-0.0297,1,-0.15312,-0.1321,0.014784
omega_Q,-0.021881,0.018103,-0.12198,0.28918,0.031044,-0.15312,1,-0.19574,-0.033201
omega_V2,0.016594,-0.0044132,0.26387,-0.84003,0.013323,-0.1321,-0.19574,1,0.018323
a,0.015187,-0.0063997,0.072765,-0.10789,-0.01854,0.014784,-0.033201,0.018323,1
