Cl_pop,16.465,-0.70842,0.17743,-0.48056,-0.00082206,0.00037097,-0.040809,0.020165,0.012083
beta_Cl_tSCRMGDL,-0.70842,0.033518,-0.0049882,0.0088139,-2.523e-5,-4.3501e-5,0.0015234,-0.00024197,-0.00022974
V1_pop,0.17743,-0.0049882,5.0396,-2.5935,0.00067969,-0.031497,-0.12586,0.1774,0.032029
V2_pop,-0.48056,0.0088139,-2.5935,13.904,-0.0030814,0.019085,0.49563,-0.93807,-0.078882
omega_Cl,-0.00082206,-2.523e-5,0.00067969,-0.0030814,0.0018181,-8.9149e-5,0.00060843,0.00017013,-0.000155
omega_V1,0.00037097,-4.3501e-5,-0.031497,0.019085,-8.9149e-5,0.0049558,-0.0049545,-0.002785,0.00020407
omega_Q,-0.040809,0.0015234,-0.12586,0.49563,0.00060843,-0.0049545,0.21127,-0.026945,-0.0029922
omega_V2,0.020165,-0.00024197,0.1774,-0.93807,0.00017013,-0.002785,-0.026945,0.08969,0.001076
a,0.012083,-0.00022974,0.032029,-0.078882,-0.000155,0.00020407,-0.0029922,0.001076,0.038446
