Cl_pop,1,-0.94221,-0.0062391,-0.0033017,0.0027648,-0.018135,0.0077359,-0.00016859,0.0143
beta_Cl_tSCRMGDL,-0.94221,1,0.013747,-0.012958,0.1507,0.018593,-0.014298,0.0079867,-0.0051076
V1_pop,-0.0062391,0.013747,1,-0.60038,-0.035063,0.49266,-0.63611,0.16547,0.1823
V2_pop,-0.0033017,-0.012958,-0.60038,1,0.036318,-0.66291,0.84571,-0.20705,-0.23797
omega_Cl,0.0027648,0.1507,-0.035063,0.036318,1,-0.053079,0.057232,-0.0062877,-0.024053
omega_V1,-0.018135,0.018593,0.49266,-0.66291,-0.053079,1,-0.79337,-0.015105,0.091598
omega_Q,0.0077359,-0.014298,-0.63611,0.84571,0.057232,-0.79337,1,-0.15799,-0.20511
omega_V2,-0.00016859,0.0079867,0.16547,-0.20705,-0.0062877,-0.015105,-0.15799,1,0.081615
a,0.0143,-0.0051076,0.1823,-0.23797,-0.024053,0.091598,-0.20511,0.081615,1
