Cl_pop,1,-0.9484,0.015487,-0.028898,-0.088141,-0.0023596,-0.016611,0.010134,0.0061539
beta_Cl_tSCRMGDL,-0.9484,1,-0.010984,0.01366,-0.016661,-0.00060476,0.008976,-0.00063386,7.5843e-5
V1_pop,0.015487,-0.010984,1,-0.25548,0.0037895,-0.14754,-0.22644,0.29979,0.0519
V2_pop,-0.028898,0.01366,-0.25548,1,-0.010033,0.10152,0.44288,-0.38648,-0.16524
omega_Cl,-0.088141,-0.016661,0.0037895,-0.010033,1,-0.015145,0.023685,0.0082818,-0.022127
omega_V1,-0.0023596,-0.00060476,-0.14754,0.10152,-0.015145,1,0.0027567,-0.18198,-0.070275
omega_Q,-0.016611,0.008976,-0.22644,0.44288,0.023685,0.0027567,1,-0.33385,-0.15651
omega_V2,0.010134,-0.00063386,0.29979,-0.38648,0.0082818,-0.18198,-0.33385,1,0.10267
a,0.0061539,7.5843e-5,0.0519,-0.16524,-0.022127,-0.070275,-0.15651,0.10267,1
