Cl_pop,1,-0.95367,0.0017538,-0.015745,0.010931,0.0017457,0.0068269,-0.0072095,0.0015424
beta_Cl_tSCRMGDL,-0.95367,1,-0.0037504,0.0035621,-0.006581,-0.0036265,-0.0058006,0.010985,-0.00093034
V1_pop,0.0017538,-0.0037504,1,-0.013738,-0.0093724,0.92347,-0.12702,-0.048332,-0.10378
V2_pop,-0.015745,0.0035621,-0.013738,1,-0.01765,-0.024452,0.3451,-0.084177,-0.073241
omega_Cl,0.010931,-0.006581,-0.0093724,-0.01765,1,-0.010246,0.018723,-0.0091062,-0.017776
omega_V1,0.0017457,-0.0036265,0.92347,-0.024452,-0.010246,1,-0.18511,-0.079628,-0.15628
omega_Q,0.0068269,-0.0058006,-0.12702,0.3451,0.018723,-0.18511,1,-0.18723,0.055094
omega_V2,-0.0072095,0.010985,-0.048332,-0.084177,-0.0091062,-0.079628,-0.18723,1,0.0010413
a,0.0015424,-0.00093034,-0.10378,-0.073241,-0.017776,-0.15628,0.055094,0.0010413,1
