Cl_pop,16.424,-0.70766,0.054992,-0.25123,0.0019099,0.00076021,0.0093003,-0.0064724,0.0012882
beta_Cl_tSCRMGDL,-0.70766,0.033526,-0.005313,0.0025679,-5.1951e-5,-7.1349e-5,-0.00035702,0.00044555,-3.5104e-5
V1_pop,0.054992,-0.005313,59.86,-0.41848,-0.0031263,0.76773,-0.33034,-0.082838,-0.16546
V2_pop,-0.25123,0.0025679,-0.41848,15.502,-0.002996,-0.010345,0.45674,-0.073419,-0.059425
omega_Cl,0.0019099,-5.1951e-5,-0.0031263,-0.002996,0.0018587,-4.7467e-5,0.00027134,-8.697e-5,-0.00015793
omega_V1,0.00076021,-7.1349e-5,0.76773,-0.010345,-4.7467e-5,0.011546,-0.0066863,-0.0018954,-0.0034606
omega_Q,0.0093003,-0.00035702,-0.33034,0.45674,0.00027134,-0.0066863,0.113,-0.013942,0.0038165
omega_V2,-0.0064724,0.00044555,-0.082838,-0.073419,-8.697e-5,-0.0018954,-0.013942,0.049073,4.7537e-5
a,0.0012882,-3.5104e-5,-0.16546,-0.059425,-0.00015793,-0.0034606,0.0038165,4.7537e-5,0.042466
