Cl_pop,1,-0.95383,-0.00086751,-0.023228,0.014478,-0.0038929,-0.0035895,-0.00047614,0.011805
beta_Cl_tSCRMGDL,-0.95383,1,0.0020052,0.010461,-0.013208,0.0028649,0.0014154,0.0047928,-0.0039317
V1_pop,-0.00086751,0.0020052,1,-0.17024,-0.007836,0.26253,-0.20065,0.11913,0.07262
V2_pop,-0.023228,0.010461,-0.17024,1,-0.014194,-0.083848,0.3409,-0.15155,-0.17665
omega_Cl,0.014478,-0.013208,-0.007836,-0.014194,1,-0.014306,0.014683,-0.011762,-0.011629
omega_V1,-0.0038929,0.0028649,0.26253,-0.083848,-0.014306,1,-0.23991,-0.084848,-0.02981
omega_Q,-0.0035895,0.0014154,-0.20065,0.3409,0.014683,-0.23991,1,-0.083089,-0.12261
omega_V2,-0.00047614,0.0047928,0.11913,-0.15155,-0.011762,-0.084848,-0.083089,1,0.067375
a,0.011805,-0.0039317,0.07262,-0.17665,-0.011629,-0.02981,-0.12261,0.067375,1
