Cl_pop,1,-0.95456,0.012284,0.0013021,0,0,0,0,0
beta_Cl_tSCRMGDL,-0.95456,1,-0.0074977,-0.0021376,0,0,0,0,0
V1_pop,0.012284,-0.0074977,1,-0.13423,0,0,0,0,0
V2_pop,0.0013021,-0.0021376,-0.13423,1,0,0,0,0,0
omega_Cl,0,0,0,0,1,0.00090758,0.0021691,0.00045223,-0.027319
omega_V1,0,0,0,0,0.00090758,1,-0.11145,-0.025037,-0.040815
omega_Q,0,0,0,0,0.0021691,-0.11145,1,-0.036114,-0.089595
omega_V2,0,0,0,0,0.00045223,-0.025037,-0.036114,1,-0.093206
a,0,0,0,0,-0.027319,-0.040815,-0.089595,-0.093206,1
