Cl_pop,16.351,-0.70515,0.10889,0.015298,0,0,0,0,0
beta_Cl_tSCRMGDL,-0.70515,0.033375,-0.0030026,-0.0011346,0,0,0,0,0
V1_pop,0.10889,-0.0030026,4.8054,-0.85489,0,0,0,0,0
V2_pop,0.015298,-0.0011346,-0.85489,8.4409,0,0,0,0,0
omega_Cl,0,0,0,0,0.0018226,2.7891e-6,2.2851e-5,3.5589e-6,-0.00025844
omega_V1,0,0,0,0,2.7891e-6,0.0051815,-0.0019796,-0.0003322,-0.00065102
omega_Q,0,0,0,0,2.2851e-5,-0.0019796,0.060891,-0.0016427,-0.004899
omega_V2,0,0,0,0,3.5589e-6,-0.0003322,-0.0016427,0.033978,-0.0038071
a,0,0,0,0,-0.00025844,-0.00065102,-0.004899,-0.0038071,0.049102
