Cl_pop,1,-0.95355,0.011653,-0.03776,0.010456,0.00019484,-0.028824,0.017037,0.0011025
beta_Cl_tSCRMGDL,-0.95355,1,-0.0074583,0.022128,-0.0054932,-0.0059634,0.02548,-0.0067893,0.0033311
V1_pop,0.011653,-0.0074583,1,-0.11471,0.0033075,0.016861,-0.028236,0.18348,0.039808
V2_pop,-0.03776,0.022128,-0.11471,1,-0.0053954,-0.045851,0.58095,-0.38896,-0.083219
omega_Cl,0.010456,-0.0054932,0.0033075,-0.0053954,1,-0.017587,0.034705,-0.010535,-0.032581
omega_V1,0.00019484,-0.0059634,0.016861,-0.045851,-0.017587,1,-0.19997,-0.026626,-0.051648
omega_Q,-0.028824,0.02548,-0.028236,0.58095,0.034705,-0.19997,1,-0.35794,-0.035542
omega_V2,0.017037,-0.0067893,0.18348,-0.38896,-0.010535,-0.026626,-0.35794,1,0.020016
a,0.0011025,0.0033311,0.039808,-0.083219,-0.032581,-0.051648,-0.035542,0.020016,1
