Cl_pop,16.178,-0.70419,-2.3482,8.807,0.0043446,-0.085187,1.6223,-0.2423,-0.028312
beta_Cl_tSCRMGDL,-0.70419,0.03391,0.2333,-0.8847,-0.0002494,0.0083926,-0.16134,0.024141,0.0029443
V1_pop,-2.3482,0.2333,60.961,-214.69,-0.032508,2.0384,-39.043,5.8323,0.71988
V2_pop,8.807,-0.8847,-214.69,825.54,0.12103,-7.7127,148.6,-22.261,-2.7743
omega_Cl,0.0043446,-0.0002494,-0.032508,0.12103,0.0017038,-0.0011647,0.022215,-0.003258,-0.00043056
omega_V1,-0.085187,0.0083926,2.0384,-7.7127,-0.0011647,0.078044,-1.4113,0.20721,0.025552
omega_Q,1.6223,-0.16134,-39.043,148.6,0.022215,-1.4113,27.118,-4.0274,-0.50206
omega_V2,-0.2423,0.024141,5.8323,-22.261,-0.003258,0.20721,-4.0274,0.63631,0.07559
a,-0.028312,0.0029443,0.71988,-2.7743,-0.00043056,0.025552,-0.50206,0.07559,0.013493
