Cl_pop,1,-0.95391,0.028518,-0.0062702,0.013133,0.020668,-0.0065079,0.0049394,0.011416,-0.009638
beta_Cl_tSCRMGDL,-0.95391,1,-0.012637,0.00436,-0.015307,-0.023401,0.0060434,-0.003618,-0.017485,0.021672
V1_pop,0.028518,-0.012637,1,-0.34725,0.0044871,0.28554,-0.12105,0.33189,0.011745,0.027859
V2_pop,-0.0062702,0.00436,-0.34725,1,1.5334e-5,-0.088016,0.090548,-0.34148,-0.01985,-0.020809
omega_Cl,0.013133,-0.015307,0.0044871,1.5334e-5,1,0.024569,-0.022931,-0.0023093,-0.012457,-0.018357
omega_V1,0.020668,-0.023401,0.28554,-0.088016,0.024569,1,-0.24867,-0.032574,0.048089,-0.097548
omega_Q,-0.0065079,0.0060434,-0.12105,0.090548,-0.022931,-0.24867,1,0.011715,0.018858,-0.068713
omega_V2,0.0049394,-0.003618,0.33189,-0.34148,-0.0023093,-0.032574,0.011715,1,0.084506,-0.082967
a,0.011416,-0.017485,0.011745,-0.01985,-0.012457,0.048089,0.018858,0.084506,1,-0.59381
b,-0.009638,0.021672,0.027859,-0.020809,-0.018357,-0.097548,-0.068713,-0.082967,-0.59381,1
