Cl_pop,1,-0.95415,0.0024643,-0.010898,0.010907,-0.0042183,-0.0039889,-0.0018134,0.0098152
beta_Cl_tSCRMGDL,-0.95415,1,6.4048e-5,0.0030435,-0.012596,0.0031336,-0.0017563,0.0050814,-0.005844
V1_pop,0.0024643,6.4048e-5,1,-0.21178,-0.0012646,0.028702,-0.20965,0.19879,-0.045916
V2_pop,-0.010898,0.0030435,-0.21178,1,-0.0062338,0.044881,0.44756,-0.38157,-0.09887
omega_Cl,0.010907,-0.012596,-0.0012646,-0.0062338,1,-0.012923,0.0034263,0.010022,-0.005909
omega_V1,-0.0042183,0.0031336,0.028702,0.044881,-0.012923,1,-0.13421,-0.15795,-0.0504
omega_Q,-0.0039889,-0.0017563,-0.20965,0.44756,0.0034263,-0.13421,1,-0.25288,-0.060669
omega_V2,-0.0018134,0.0050814,0.19879,-0.38157,0.010022,-0.15795,-0.25288,1,0.028891
a,0.0098152,-0.005844,-0.045916,-0.09887,-0.005909,-0.0504,-0.060669,0.028891,1
