Cl_pop,16.07,-0.69403,0.022792,-0.16479,0.0017843,-0.0011608,-0.0052977,-0.001561,0.0021632
beta_Cl_tSCRMGDL,-0.69403,0.032923,2.6813e-5,0.0020829,-9.3274e-5,3.903e-5,-0.00010558,0.00019799,-5.8297e-5
V1_pop,0.022792,2.6813e-5,5.3233,-1.843,-0.00011907,0.0045459,-0.16025,0.09849,-0.0058243
V2_pop,-0.16479,0.0020829,-1.843,14.227,-0.00095958,0.011621,0.55928,-0.30905,-0.020503
omega_Cl,0.0017843,-9.3274e-5,-0.00011907,-0.00095958,0.0016655,-3.6204e-5,4.6325e-5,8.7828e-5,-1.3258e-5
omega_V1,-0.0011608,3.903e-5,0.0045459,0.011621,-3.6204e-5,0.0047122,-0.0030522,-0.0023283,-0.00019021
omega_Q,-0.0052977,-0.00010558,-0.16025,0.55928,4.6325e-5,-0.0030522,0.10976,-0.017991,-0.001105
omega_V2,-0.001561,0.00019799,0.09849,-0.30905,8.7828e-5,-0.0023283,-0.017991,0.046112,0.00034108
a,0.0021632,-5.8297e-5,-0.0058243,-0.020503,-1.3258e-5,-0.00019021,-0.001105,0.00034108,0.0030226
