Cl_pop,1,-0.95374,0.0084696,-0.020474,0.0016439,0.010057,-0.0084465,-0.005792,0.018927
beta_Cl_tSCRMGDL,-0.95374,1,-0.0077082,0.0074227,-0.00058696,-0.0099702,0.007651,0.0094303,-0.012899
V1_pop,0.0084696,-0.0077082,1,-0.10781,-0.0074853,0.70375,-0.16035,-0.006177,0.12409
V2_pop,-0.020474,0.0074227,-0.10781,1,-0.018971,-0.101,0.28072,0.054035,-0.18014
omega_Cl,0.0016439,-0.00058696,-0.0074853,-0.018971,1,-0.0052468,0.0057512,-0.014636,-0.015856
omega_V1,0.010057,-0.0099702,0.70375,-0.101,-0.0052468,1,-0.22445,-0.11442,0.096573
omega_Q,-0.0084465,0.007651,-0.16035,0.28072,0.0057512,-0.22445,1,-0.032772,-0.16349
omega_V2,-0.005792,0.0094303,-0.006177,0.054035,-0.014636,-0.11442,-0.032772,1,-0.013146
a,0.018927,-0.012899,0.12409,-0.18014,-0.015856,0.096573,-0.16349,-0.013146,1
