Cl_pop,16.453,-0.70872,0.069365,-0.39269,0.0026656,-0.0014411,-0.022525,0.0006963,0.0034735
beta_Cl_tSCRMGDL,-0.70872,0.033559,-0.0013451,0.007682,-0.00014448,-3.4644e-5,0.00065174,0.00021029,3.7252e-5
V1_pop,0.069365,-0.0013451,5.6785,-1.8539,-0.00014477,-0.031595,-0.15143,0.11272,0.030971
V2_pop,-0.39269,0.007682,-1.8539,14.381,-0.00081518,-0.011238,0.6115,-0.14173,-0.087201
omega_Cl,0.0026656,-0.00014448,-0.00014477,-0.00081518,0.0018299,-0.00010693,0.0003221,-6.0837e-5,-9.9351e-5
omega_V1,-0.0014411,-3.4644e-5,-0.031595,-0.011238,-0.00010693,0.01028,-0.011649,-0.0047231,-0.001487
omega_Q,-0.022525,0.00065174,-0.15143,0.6115,0.0003221,-0.011649,0.14933,-0.009825,-0.0062987
omega_V2,0.0006963,0.00021029,0.11272,-0.14173,-6.0837e-5,-0.0047231,-0.009825,0.048752,0.0013286
a,0.0034735,3.7252e-5,0.030971,-0.087201,-9.9351e-5,-0.001487,-0.0062987,0.0013286,0.042856
