Cl_pop,1,-0.91647,0.013403,-0.025755,0.027558,0.011126,-0.016574,0.00089696,-0.0074152
beta_Cl_tSCRMGDL,-0.91647,1,0.0025599,0.0051358,-0.30475,0.001799,-0.0030064,0.006085,0.017425
V1_pop,0.013403,0.0025599,1,-0.6057,-0.031633,0.6336,-0.72456,0.1868,0.037384
V2_pop,-0.025755,0.0051358,-0.6057,1,0.023089,-0.54761,0.7167,-0.20272,-0.075709
omega_Cl,0.027558,-0.30475,-0.031633,0.023089,1,-0.030006,0.041072,-0.0049167,-0.042053
omega_V1,0.011126,0.001799,0.6336,-0.54761,-0.030006,1,-0.72585,0.034022,-0.025501
omega_Q,-0.016574,-0.0030064,-0.72456,0.7167,0.041072,-0.72585,1,-0.17654,-0.069845
omega_V2,0.00089696,0.006085,0.1868,-0.20272,-0.0049167,0.034022,-0.17654,1,-0.0037362
a,-0.0074152,0.017425,0.037384,-0.075709,-0.042053,-0.025501,-0.069845,-0.0037362,1
