Cl_pop,16.432,-0.71383,0.1884,-0.51526,0.005484,0.0058983,-0.043171,0.00076783,-0.0059195
beta_Cl_tSCRMGDL,-0.71383,0.036921,0.0017057,0.0048706,-0.0028747,4.5206e-5,-0.00037119,0.00024692,0.00065937
V1_pop,0.1884,0.0017057,12.025,-10.367,-0.0053853,0.28735,-1.6145,0.1368,0.02553
V2_pop,-0.51526,0.0048706,-10.367,24.36,0.0055944,-0.35347,2.273,-0.2113,-0.073587
omega_Cl,0.005484,-0.0028747,-0.0053853,0.0055944,0.0024101,-0.00019265,0.0012956,-5.0973e-5,-0.00040657
omega_V1,0.0058983,4.5206e-5,0.28735,-0.35347,-0.00019265,0.017103,-0.060997,0.00093962,-0.00065679
omega_Q,-0.043171,-0.00037119,-1.6145,2.273,0.0012956,-0.060997,0.4129,-0.023956,-0.0088385
omega_V2,0.00076783,0.00024692,0.1368,-0.2113,-5.0973e-5,0.00093962,-0.023956,0.044597,-0.00015538
a,-0.0059195,0.00065937,0.02553,-0.073587,-0.00040657,-0.00065679,-0.0088385,-0.00015538,0.038783
