Cl_pop,1,-0.95371,-0.0030349,-0.011191,0.014776,-0.017409,0.007761,0.003607,0.0042443
beta_Cl_tSCRMGDL,-0.95371,1,0.0099464,-0.0063099,-0.014879,0.017829,-0.017396,0.006182,0.005252
V1_pop,-0.0030349,0.0099464,1,-0.34218,0.0090188,0.25176,-0.3152,0.2234,0.058425
V2_pop,-0.011191,-0.0063099,-0.34218,1,-0.017309,-0.22768,0.57744,-0.36572,-0.18159
omega_Cl,0.014776,-0.014879,0.0090188,-0.017309,1,-0.02678,0.0098071,0.015117,0.00017508
omega_V1,-0.017409,0.017829,0.25176,-0.22768,-0.02678,1,-0.43267,-0.046965,0.015174
omega_Q,0.007761,-0.017396,-0.3152,0.57744,0.0098071,-0.43267,1,-0.24818,-0.17383
omega_V2,0.003607,0.006182,0.2234,-0.36572,0.015117,-0.046965,-0.24818,1,0.071415
a,0.0042443,0.005252,0.058425,-0.18159,0.00017508,0.015174,-0.17383,0.071415,1
