Cl_pop,1,0.032687,-0.027846,-0.037574,0.0031433,0.0063912,-0.025327,0.0042996,0.019026,-0.017498,0.017482
V1_pop,0.032687,1,-0.68798,-0.29915,0.0018084,0.099245,-0.35691,0.18255,-0.22326,0.19447,-0.15681
Q_pop,-0.027846,-0.68798,1,0.24598,0.0039367,-0.211,0.41014,-0.099126,0.35198,-0.32661,0.29472
V2_pop,-0.037574,-0.29915,0.24598,1,0.00031702,-0.17382,0.4286,0.048673,-0.071653,0.057991,-0.058338
omega_Cl,0.0031433,0.0018084,0.0039367,0.00031702,1,-0.033306,0.026455,0.014953,0.023288,-0.022403,0.019475
omega_V1,0.0063912,0.099245,-0.211,-0.17382,-0.033306,1,-0.46085,-0.3311,-0.11007,0.13521,-0.1547
omega_Q,-0.025327,-0.35691,0.41014,0.4286,0.026455,-0.46085,1,0.21002,0.042741,-0.068732,0.080998
omega_V2,0.0042996,0.18255,-0.099126,0.048673,0.014953,-0.3311,0.21002,1,0.17186,-0.21466,0.2514
a,0.019026,-0.22326,0.35198,-0.071653,0.023288,-0.11007,0.042741,0.17186,1,-0.99095,0.96461
b,-0.017498,0.19447,-0.32661,0.057991,-0.022403,0.13521,-0.068732,-0.21466,-0.99095,1,-0.98986
c,0.017482,-0.15681,0.29472,-0.058338,0.019475,-0.1547,0.080998,0.2514,0.96461,-0.98986,1
