Cl_pop,1,-0.47226,-0.000941,-0.059073,0.85726,-0.020077,0.030131,-0.023148,0.0033843
beta_Cl_tSCRMGDL,-0.47226,1,-0.0060918,0.012901,0.021738,-0.0090739,0.011997,0.0052825,-0.016516
V1_pop,-0.000941,-0.0060918,1,-0.080524,-0.0057833,-0.0067177,-0.072235,0.10644,0.025002
V2_pop,-0.059073,0.012901,-0.080524,1,-0.052436,-0.10146,0.37113,-0.0032862,-0.20003
omega_Cl,0.85726,0.021738,-0.0057833,-0.052436,1,-0.027785,0.043825,-0.025474,-0.016278
omega_V1,-0.020077,-0.0090739,-0.0067177,-0.10146,-0.027785,1,-0.21623,-0.036667,0.027659
omega_Q,0.030131,0.011997,-0.072235,0.37113,0.043825,-0.21623,1,-0.13901,-0.19304
omega_V2,-0.023148,0.0052825,0.10644,-0.0032862,-0.025474,-0.036667,-0.13901,1,-0.0092607
a,0.0033843,-0.016516,0.025002,-0.20003,-0.016278,0.027659,-0.19304,-0.0092607,1
