Cl_pop,nan,nan,nan,nan,nan,nan,nan,nan,nan
beta_Cl_tSCRMGDL,nan,0.44347,-0.052346,-0.035887,0.14425,-0.005309,0.020198,-0.00048882,-0.0033935
V1_pop,nan,-0.052346,5.6748,-2.4591,-0.017802,0.022643,-0.33952,0.10617,0.045116
V2_pop,nan,-0.035887,-2.4591,15.286,-0.0078806,-0.04625,0.77191,-0.085353,-0.18297
omega_Cl,nan,0.14425,-0.017802,-0.0078806,0.047246,-0.0017317,0.0067951,-0.00024493,-0.0014042
omega_V1,nan,-0.005309,0.022643,-0.04625,-0.0017317,0.0068328,-0.010781,-0.002076,0.00015129
omega_Q,nan,0.020198,-0.33952,0.77191,0.0067951,-0.010781,0.18161,-0.016378,-0.017765
omega_V2,nan,-0.00048882,0.10617,-0.085353,-0.00024493,-0.002076,-0.016378,0.053605,0.0027774
a,nan,-0.0033935,0.045116,-0.18297,-0.0014042,0.00015129,-0.017765,0.0027774,0.045977
