Cl_pop,nan,nan,nan,nan,nan,nan,nan,nan,nan
beta_Cl_tSCRMGDL,nan,nan,nan,nan,nan,nan,nan,nan,nan
V1_pop,nan,nan,1,-0.21371,0.0074219,0.11037,-0.28287,0.093567,0.036048
V2_pop,nan,nan,-0.21371,1,-0.042087,-0.11284,0.33843,-0.19284,-0.062359
omega_Cl,nan,nan,0.0074219,-0.042087,1,-0.003035,0.0008708,0.0040808,-0.095458
omega_V1,nan,nan,0.11037,-0.11284,-0.003035,1,-0.37193,-0.13648,-0.12392
omega_Q,nan,nan,-0.28287,0.33843,0.0008708,-0.37193,1,-0.004238,0.0083751
omega_V2,nan,nan,0.093567,-0.19284,0.0040808,-0.13648,-0.004238,1,0.054505
a,nan,nan,0.036048,-0.062359,-0.095458,-0.12392,0.0083751,0.054505,1
