Cl_pop,1,-0.95188,0.0057644,-0.020533,0.018567,-0.0066923,-0.0031875,0.0014236,0.0083929
beta_Cl_tSCRMGDL,-0.95188,1,-0.0032537,0.0060184,0.041563,0.0012702,0.0040267,0.0036643,-0.0030367
V1_pop,0.0057644,-0.0032537,1,-0.10293,-0.0011975,-0.1477,-0.053056,0.15462,0.038329
V2_pop,-0.020533,0.0060184,-0.10293,1,-0.017218,0.037298,0.2913,-0.19545,-0.097237
omega_Cl,0.018567,0.041563,-0.0011975,-0.017218,1,-0.011046,0.014553,-0.015434,-0.0021944
omega_V1,-0.0066923,0.0012702,-0.1477,0.037298,-0.011046,1,-0.064571,-0.056628,-0.11949
omega_Q,-0.0031875,0.0040267,-0.053056,0.2913,0.014553,-0.064571,1,-0.1109,-0.034794
omega_V2,0.0014236,0.0036643,0.15462,-0.19545,-0.015434,-0.056628,-0.1109,1,-0.0014819
a,0.0083929,-0.0030367,0.038329,-0.097237,-0.0021944,-0.11949,-0.034794,-0.0014819,1
