Cl_pop,16.567,-0.71209,0.085586,-0.378,0.0016058,-0.0052611,-0.012759,0.0034322,0.013974
beta_Cl_tSCRMGDL,-0.71209,0.033651,-0.0018193,0.0072616,-3.9295e-5,0.00017736,0.00027549,4.3518e-5,-0.00038017
V1_pop,0.085586,-0.0018193,6.4126,-2.5453,0.00063682,-0.015594,-0.21373,0.1433,0.039996
V2_pop,-0.378,0.0072616,-2.5453,13.451,-0.0025841,0.023485,0.39543,-0.19746,-0.14282
omega_Cl,0.0016058,-3.9295e-5,0.00063682,-0.0025841,0.0018566,-5.2712e-5,1.9659e-5,-1.3034e-5,-0.00020853
omega_V1,-0.0052611,0.00017736,-0.015594,0.023485,-5.2712e-5,0.0072873,-0.0024842,-0.0044173,-0.0016255
omega_Q,-0.012759,0.00027549,-0.21373,0.39543,1.9659e-5,-0.0024842,0.084551,-0.0075904,-0.0093434
omega_V2,0.0034322,4.3518e-5,0.1433,-0.19746,-1.3034e-5,-0.0044173,-0.0075904,0.055517,0.0034114
a,0.013974,-0.00038017,0.039996,-0.14282,-0.00020853,-0.0016255,-0.0093434,0.0034114,0.041345
