Cl_pop,1,-0.95363,0.018423,-0.030819,0.0024876,0.0069877,-0.017998,-0.0011454,0.019122
beta_Cl_tSCRMGDL,-0.95363,1,-0.011122,0.014456,-0.0026524,-0.0095601,0.010917,0.0071893,-0.010114
V1_pop,0.018423,-0.011122,1,-0.38743,-0.010582,0.046304,-0.5291,0.12533,0.14712
V2_pop,-0.030819,0.014456,-0.38743,1,0.005245,-0.17902,0.5608,-0.11325,-0.16965
omega_Cl,0.0024876,-0.0026524,-0.010582,0.005245,1,-0.024199,0.030348,-0.0058456,-0.018624
omega_V1,0.0069877,-0.0095601,0.046304,-0.17902,-0.024199,1,-0.33732,-0.051302,-0.035292
omega_Q,-0.017998,0.010917,-0.5291,0.5608,0.030348,-0.33732,1,-0.098662,-0.1343
omega_V2,-0.0011454,0.0071893,0.12533,-0.11325,-0.0058456,-0.051302,-0.098662,1,0.0092724
a,0.019122,-0.010114,0.14712,-0.16965,-0.018624,-0.035292,-0.1343,0.0092724,1
