Cl_pop,16.479,-0.70836,nan,-1.1548,0.0033283,0.043846,-0.069977,0.031814,-0.01074
beta_Cl_tSCRMGDL,-0.70836,0.033596,nan,-0.039724,-8.0197e-5,0.002133,-0.0032664,0.00091287,-0.0010466
V1_pop,nan,nan,nan,nan,nan,nan,nan,nan,nan
V2_pop,-1.1548,-0.039724,nan,75.675,0.019215,-3.021,4.8178,-2.0465,1.1907
omega_Cl,0.0033283,-8.0197e-5,nan,0.019215,0.0018376,-0.0010372,0.0016277,-0.00050452,0.00028552
omega_V1,0.043846,0.002133,nan,-3.021,-0.0010372,0.14729,-0.22544,0.078797,-0.060154
omega_Q,-0.069977,-0.0032664,nan,4.8178,0.0016277,-0.22544,0.38488,-0.12806,0.089145
omega_V2,0.031814,0.00091287,nan,-2.0465,-0.00050452,0.078797,-0.12806,0.09828,-0.033008
a,-0.01074,-0.0010466,nan,1.1907,0.00028552,-0.060154,0.089145,-0.033008,0.067398
