Cl_pop,1,-0.92351,-0.0025563,-0.020113,0.015521,-0.014208,0.0051729,0.0054465,0.0013189
beta_Cl_tSCRMGDL,-0.92351,1,0.014173,0.0047798,-0.26577,0.022675,-0.022006,-0.00072679,0.0095552
V1_pop,-0.0025563,0.014173,1,-0.42029,-0.022438,0.30527,-0.53669,0.26468,0.073157
V2_pop,-0.020113,0.0047798,-0.42029,1,-0.00061966,-0.13823,0.49316,-0.35436,-0.10156
omega_Cl,0.015521,-0.26577,-0.022438,-0.00061966,1,-0.041262,0.046386,0.0098893,-0.041932
omega_V1,-0.014208,0.022675,0.30527,-0.13823,-0.041262,1,-0.45374,-0.14606,0.017358
omega_Q,0.0051729,-0.022006,-0.53669,0.49316,0.046386,-0.45374,1,-0.19021,-0.12681
omega_V2,0.0054465,-0.00072679,0.26468,-0.35436,0.0098893,-0.14606,-0.19021,1,0.024521
a,0.0013189,0.0095552,0.073157,-0.10156,-0.041932,0.017358,-0.12681,0.024521,1
