Cl_pop,16.475,-0.71259,-0.029589,-0.33597,0.003007,-0.0058621,0.0098804,0.005758,0.0010303
beta_Cl_tSCRMGDL,-0.71259,0.036138,0.0076835,0.0037393,-0.0024115,0.00043817,-0.0019686,-3.5986e-5,0.00034959
V1_pop,-0.029589,0.0076835,8.1322,-4.9323,-0.0030542,0.088489,-0.7202,0.19659,0.040151
V2_pop,-0.33597,0.0037393,-4.9323,16.936,-0.00012172,-0.057822,0.95502,-0.37982,-0.080441
omega_Cl,0.003007,-0.0024115,-0.0030542,-0.00012172,0.0022783,-0.0002002,0.0010419,0.00012294,-0.0003852
omega_V1,-0.0058621,0.00043817,0.088489,-0.057822,-0.0002002,0.010333,-0.021704,-0.003867,0.00033958
omega_Q,0.0098804,-0.0019686,-0.7202,0.95502,0.0010419,-0.021704,0.22144,-0.023313,-0.011485
omega_V2,0.005758,-3.5986e-5,0.19659,-0.37982,0.00012294,-0.003867,-0.023313,0.067837,0.0012291
a,0.0010303,0.00034959,0.040151,-0.080441,-0.0003852,0.00033958,-0.011485,0.0012291,0.03704
