Cl_pop,16.407,-0.7068,0.037715,-0.32137,0.00084662,-0.00066209,-0.0038275,0.0020373,0.011246
beta_Cl_tSCRMGDL,-0.7068,0.033473,-0.00026324,0.0042465,-5.2072e-5,-2.5032e-5,5.8997e-5,0.00024364,-0.0002966
V1_pop,0.037715,-0.00026324,5.931,-2.3826,-0.00087385,-0.054748,-0.27766,0.1608,0.098145
V2_pop,-0.32137,0.0042465,-2.3826,16.216,-0.0009489,0.025874,0.47213,-0.31377,-0.14572
omega_Cl,0.00084662,-5.2072e-5,-0.00087385,-0.0009489,0.0018523,-1.5906e-5,0.0002083,-0.00013401,-0.00026895
omega_V1,-0.00066209,-2.5032e-5,-0.054748,0.025874,-1.5906e-5,0.0046505,0.0010167,-0.0026486,-0.002081
omega_Q,-0.0038275,5.8997e-5,-0.27766,0.47213,0.0002083,0.0010167,0.096912,-0.02344,-0.0095075
omega_V2,0.0020373,0.00024364,0.1608,-0.31377,-0.00013401,-0.0026486,-0.02344,0.061325,0.0062778
a,0.011246,-0.0002966,0.098145,-0.14572,-0.00026895,-0.002081,-0.0095075,0.0062778,0.045891
