Cl_pop,1,-0.95364,0.006984,-0.035881,0.018153,0.0026731,-0.019595,4.8478e-5,0.011644
beta_Cl_tSCRMGDL,-0.95364,1,-0.0047651,0.016619,-0.017079,-0.0032418,0.01107,0.0070596,-0.001518
V1_pop,0.006984,-0.0047651,1,-0.10482,0.0056451,0.030003,0.058557,0.2026,0.00048806
V2_pop,-0.035881,0.016619,-0.10482,1,-0.022654,-0.045226,0.39404,-0.25607,-0.21699
omega_Cl,0.018153,-0.017079,0.0056451,-0.022654,1,-0.015336,0.0081434,0.0090262,-0.0057173
omega_V1,0.0026731,-0.0032418,0.030003,-0.045226,-0.015336,1,-0.16296,-0.09416,-0.008358
omega_Q,-0.019595,0.01107,0.058557,0.39404,0.0081434,-0.16296,1,-0.15214,-0.23745
omega_V2,4.8478e-5,0.0070596,0.2026,-0.25607,0.0090262,-0.09416,-0.15214,1,0.056814
a,0.011644,-0.001518,0.00048806,-0.21699,-0.0057173,-0.008358,-0.23745,0.056814,1
