Cl_pop,1,-0.95284,0.0091822,-0.024237,-0.037475,0.00077169,-0.015325,-0.0013576,0.01938
beta_Cl_tSCRMGDL,-0.95284,1,-0.0059753,0.010403,-0.0081949,0.0004978,0.0072839,0.0061223,-0.012282
V1_pop,0.0091822,-0.0059753,1,-0.1314,-0.0026705,-0.095751,-0.10331,0.15357,0.055664
V2_pop,-0.024237,0.010403,-0.1314,1,-0.0038341,-0.041522,0.33168,-0.097048,-0.16869
omega_Cl,-0.037475,-0.0081949,-0.0026705,-0.0038341,1,-0.032425,0.028434,0.0045073,-0.031225
omega_V1,0.00077169,0.0004978,-0.095751,-0.041522,-0.032425,1,-0.18841,-0.10711,0.0094191
omega_Q,-0.015325,0.0072839,-0.10331,0.33168,0.028434,-0.18841,1,-0.051946,-0.18528
omega_V2,-0.0013576,0.0061223,0.15357,-0.097048,0.0045073,-0.10711,-0.051946,1,-0.040544
a,0.01938,-0.012282,0.055664,-0.16869,-0.031225,0.0094191,-0.18528,-0.040544,1
