Cl_pop,1,-0.95054,-0.0077306,-0.012796,0.0083277,-0.0067327,0.011904,-0.00083896,0.016666
beta_Cl_tSCRMGDL,-0.95054,1,0.011858,-0.001458,0.0017401,0.0078574,-0.016605,0.003707,-0.013475
V1_pop,-0.0077306,0.011858,1,-0.25919,-0.0064746,0.28338,-0.31383,0.15756,-0.002607
V2_pop,-0.012796,-0.001458,-0.25919,1,-0.016924,-0.19933,0.388,-0.22243,-0.12325
omega_Cl,0.0083277,0.0017401,-0.0064746,-0.016924,1,-0.0065974,0.0038869,-0.0060328,-0.017071
omega_V1,-0.0067327,0.0078574,0.28338,-0.19933,-0.0065974,1,-0.38235,-0.031861,0.010501
omega_Q,0.011904,-0.016605,-0.31383,0.388,0.0038869,-0.38235,1,-0.059312,-0.12468
omega_V2,-0.00083896,0.003707,0.15756,-0.22243,-0.0060328,-0.031861,-0.059312,1,-0.018134
a,0.016666,-0.013475,-0.002607,-0.12325,-0.017071,0.010501,-0.12468,-0.018134,1
