Cl_pop,16.523,-0.71187,0.10806,-0.33109,0.0014431,0.0028112,-0.020279,-0.0068801,0.010362
beta_Cl_tSCRMGDL,-0.71187,0.033713,-0.0033278,0.0049231,-4.0158e-5,-0.00011682,0.00052216,0.00043283,-0.00029635
V1_pop,0.10806,-0.0033278,5.9885,-2.2232,-0.0010945,0.016535,-0.27143,0.10641,-0.0056179
V2_pop,-0.33109,0.0049231,-2.2232,13.991,-0.0011004,-0.023653,0.57804,-0.1206,-0.020722
omega_Cl,0.0014431,-4.0158e-5,-0.0010945,-0.0011004,0.001902,-8.1817e-5,0.00043909,-4.9286e-5,-0.00033348
omega_V1,0.0028112,-0.00011682,0.016535,-0.023653,-8.1817e-5,0.0062953,-0.0071965,-0.0030224,-0.00044045
omega_Q,-0.020279,0.00052216,-0.27143,0.57804,0.00043909,-0.0071965,0.1443,-0.011419,0.00062038
omega_V2,-0.0068801,0.00043283,0.10641,-0.1206,-4.9286e-5,-0.0030224,-0.011419,0.061904,-0.0021828
a,0.010362,-0.00029635,-0.0056179,-0.020722,-0.00033348,-0.00044045,0.00062038,-0.0021828,0.056009
