Cl_pop,1,-0.95739,0.011457,-0.016036,0.01709,0.011561,-0.020385,-0.011623,0.013114
beta_Cl_tSCRMGDL,-0.95739,1,-0.00922,0.0044864,-0.012406,-0.011833,0.016527,0.015736,-0.0043704
V1_pop,0.011457,-0.00922,1,-0.15575,-0.0070056,0.13888,-0.18931,0.14044,0.061754
V2_pop,-0.016036,0.0044864,-0.15575,1,-0.012525,-0.028456,0.27269,-0.24508,-0.12837
omega_Cl,0.01709,-0.012406,-0.0070056,-0.012525,1,-0.0049807,0.0063775,0.0020204,0.022653
omega_V1,0.011561,-0.011833,0.13888,-0.028456,-0.0049807,1,-0.17098,-0.049954,-0.064185
omega_Q,-0.020385,0.016527,-0.18931,0.27269,0.0063775,-0.17098,1,-0.080771,-0.063841
omega_V2,-0.011623,0.015736,0.14044,-0.24508,0.0020204,-0.049954,-0.080771,1,0.037733
a,0.013114,-0.0043704,0.061754,-0.12837,0.022653,-0.064185,-0.063841,0.037733,1
