Cl_pop,1,-0.9536,0.013546,-0.028278,0.011713,-0.0039716,-0.018089,0.0095187,0.017191
beta_Cl_tSCRMGDL,-0.9536,1,-0.0084752,0.011171,-0.012725,0.0018998,0.011101,-0.00040414,-0.0076443
V1_pop,0.013546,-0.0084752,1,-0.24855,0.0040834,-0.10163,-0.19464,0.2037,0.10192
V2_pop,-0.028278,0.011171,-0.24855,1,-0.014864,-0.016147,0.45432,-0.54559,-0.22837
omega_Cl,0.011713,-0.012725,0.0040834,-0.014864,1,-0.020874,0.006835,-0.0021997,-0.0078181
omega_V1,-0.0039716,0.0018998,-0.10163,-0.016147,-0.020874,1,-0.17529,-0.08294,-0.0081604
omega_Q,-0.018089,0.011101,-0.19464,0.45432,0.006835,-0.17529,1,-0.28045,-0.19861
omega_V2,0.0095187,-0.00040414,0.2037,-0.54559,-0.0021997,-0.08294,-0.28045,1,0.077539
a,0.017191,-0.0076443,0.10192,-0.22837,-0.0078181,-0.0081604,-0.19861,0.077539,1
