Cl_pop,16.418,-0.70676,0.12348,-0.42162,0.0020467,-0.0011867,-0.027817,0.0095374,0.014705
beta_Cl_tSCRMGDL,-0.70676,0.033458,-0.0034876,0.0075193,-0.00010038,2.5627e-5,0.00077064,-1.828e-5,-0.00029519
V1_pop,0.12348,-0.0034876,5.0612,-2.0576,0.00039617,-0.016861,-0.16619,0.11332,0.048404
V2_pop,-0.42162,0.0075193,-2.0576,13.54,-0.0023588,-0.0043818,0.63449,-0.49645,-0.17741
omega_Cl,0.0020467,-0.00010038,0.00039617,-0.0023588,0.0018599,-6.6387e-5,0.00011187,-2.3459e-5,-7.1179e-5
omega_V1,-0.0011867,2.5627e-5,-0.016861,-0.0043818,-6.6387e-5,0.0054383,-0.004906,-0.0015125,-0.00012705
omega_Q,-0.027817,0.00077064,-0.16619,0.63449,0.00011187,-0.004906,0.14404,-0.026321,-0.015914
omega_V2,0.0095374,-1.828e-5,0.11332,-0.49645,-2.3459e-5,-0.0015125,-0.026321,0.06115,0.0040479
a,0.014705,-0.00029519,0.048404,-0.17741,-7.1179e-5,-0.00012705,-0.015914,0.0040479,0.044568
