Cl_pop,1,-0.95371,0.0028046,-0.023601,0.0035551,0.0027734,-0.0024953,0.00038681,0.014873
beta_Cl_tSCRMGDL,-0.95371,1,-0.0060797,0.011317,-0.0011469,-0.0071245,0.0053785,0.0051041,-0.010876
V1_pop,0.0028046,-0.0060797,1,-0.049197,-0.0057029,0.79627,-0.11913,-0.028753,0.053424
V2_pop,-0.023601,0.011317,-0.049197,1,-0.022768,-0.03713,0.31879,-0.092378,-0.10886
omega_Cl,0.0035551,-0.0011469,-0.0057029,-0.022768,1,-0.0072061,0.013086,-0.01046,-0.027318
omega_V1,0.0027734,-0.0071245,0.79627,-0.03713,-0.0072061,1,-0.16873,-0.089046,-0.0033761
omega_Q,-0.0024953,0.0053785,-0.11913,0.31879,0.013086,-0.16873,1,-0.16279,-0.010236
omega_V2,0.00038681,0.0051041,-0.028753,-0.092378,-0.01046,-0.089046,-0.16279,1,0.023493
a,0.014873,-0.010876,0.053424,-0.10886,-0.027318,-0.0033761,-0.010236,0.023493,1
