Cl_pop,nan,nan,nan,nan,nan,nan,nan,nan,nan
beta_Cl_tSCRMGDL,nan,1,0.02227,0.0072316,-0.96414,0.048446,-0.062233,0.00049921,0.098802
V1_pop,nan,0.02227,1,-0.25654,-0.019165,0.13615,-0.33532,0.11718,0.079528
V2_pop,nan,0.0072316,-0.25654,1,-0.01878,-0.093757,0.37518,-0.16915,-0.12287
omega_Cl,nan,-0.96414,-0.019165,-0.01878,1,-0.051905,0.06211,0.0029349,-0.10907
omega_V1,nan,0.048446,0.13615,-0.093757,-0.051905,1,-0.34916,-0.16908,0.026626
omega_Q,nan,-0.062233,-0.33532,0.37518,0.06211,-0.34916,1,-0.032408,-0.15644
omega_V2,nan,0.00049921,0.11718,-0.16915,0.0029349,-0.16908,-0.032408,1,0.0052338
a,nan,0.098802,0.079528,-0.12287,-0.10907,0.026626,-0.15644,0.0052338,1
