Cl_pop,1,-0.93143,0.011136,-0.032174,0.21512,0.0031935,-0.017724,0.014929,0.010208
beta_Cl_tSCRMGDL,-0.93143,1,-0.0045917,0.011424,-0.0004471,-0.010445,0.011519,-0.00067036,0.00038117
V1_pop,0.011136,-0.0045917,1,-0.20638,0.0003417,-0.1843,-0.13382,0.25162,0.096864
V2_pop,-0.032174,0.011424,-0.20638,1,-0.018496,0.094334,0.43694,-0.38225,-0.17968
omega_Cl,0.21512,-0.0004471,0.0003417,-0.018496,1,-0.0017272,-0.0027248,0.0028453,-0.011559
omega_V1,0.0031935,-0.010445,-0.1843,0.094334,-0.0017272,1,-0.034171,-0.16658,-0.11904
omega_Q,-0.017724,0.011519,-0.13382,0.43694,-0.0027248,-0.034171,1,-0.38879,-0.10556
omega_V2,0.014929,-0.00067036,0.25162,-0.38225,0.0028453,-0.16658,-0.38879,1,0.1498
a,0.010208,0.00038117,0.096864,-0.17968,-0.011559,-0.11904,-0.10556,0.1498,1
