Cl_pop,21.575,-0.79301,0.11566,-0.59685,0.045092,0.0011103,-0.031397,0.019671,0.010071
beta_Cl_tSCRMGDL,-0.79301,0.033596,-0.0018819,0.0083631,-3.6982e-6,-0.0001433,0.00080524,-3.4856e-5,1.4839e-5
V1_pop,0.11566,-0.0018819,4.9998,-1.843,3.4479e-5,-0.030845,-0.11412,0.15961,0.046004
V2_pop,-0.59685,0.0083631,-1.843,15.95,-0.0033335,0.028199,0.66551,-0.43306,-0.15242
omega_Cl,0.045092,-3.6982e-6,3.4479e-5,-0.0033335,0.0020365,-5.834e-6,-4.6896e-5,3.6423e-5,-0.0001108
omega_V1,0.0011103,-0.0001433,-0.030845,0.028199,-5.834e-6,0.0056023,-0.00097541,-0.0035368,-0.0018925
omega_Q,-0.031397,0.00080524,-0.11412,0.66551,-4.6896e-5,-0.00097541,0.14544,-0.042061,-0.008551
omega_V2,0.019671,-3.4856e-5,0.15961,-0.43306,3.6423e-5,-0.0035368,-0.042061,0.08047,0.009026
a,0.010071,1.4839e-5,0.046004,-0.15242,-0.0001108,-0.0018925,-0.008551,0.009026,0.045113
