Cl_pop,1,-0.95386,0.0027484,-0.019742,0.013573,0.00094266,-0.0063588,0.0021755,0.010148
beta_Cl_tSCRMGDL,-0.95386,1,-0.0002132,0.0060132,-0.012753,-0.0039526,0.0012121,0.0054953,-0.0048829
V1_pop,0.0027484,-0.0002132,1,-0.16917,0.0055875,-0.18515,-0.1292,0.24847,0.011743
V2_pop,-0.019742,0.0060132,-0.16917,1,-0.02815,0.098202,0.35525,-0.33393,-0.14022
omega_Cl,0.013573,-0.012753,0.0055875,-0.02815,1,-0.010465,-0.0083891,0.02107,-0.0034061
omega_V1,0.00094266,-0.0039526,-0.18515,0.098202,-0.010465,1,0.045896,-0.14199,-0.040323
omega_Q,-0.0063588,0.0012121,-0.1292,0.35525,-0.0083891,0.045896,1,-0.27738,-0.14607
omega_V2,0.0021755,0.0054953,0.24847,-0.33393,0.02107,-0.14199,-0.27738,1,0.046299
a,0.010148,-0.0048829,0.011743,-0.14022,-0.0034061,-0.040323,-0.14607,0.046299,1
