Cl_pop,1,-0.95383,0.0079425,-0.024801,0.01104,-0.01394,-0.0098912,0.0031716,0.012231
beta_Cl_tSCRMGDL,-0.95383,1,-0.004885,0.010843,-0.010418,0.012057,0.0040652,0.00080675,-0.0081591
V1_pop,0.0079425,-0.004885,1,-0.16868,0.00053968,-0.14591,-0.157,0.15487,0.099779
V2_pop,-0.024801,0.010843,-0.16868,1,-0.012307,-0.0056047,0.42436,-0.19599,-0.10919
omega_Cl,0.01104,-0.010418,0.00053968,-0.012307,1,-0.010049,0.014908,0.00025918,-0.022806
omega_V1,-0.01394,0.012057,-0.14591,-0.0056047,-0.010049,1,-0.13083,-0.077167,-0.12454
omega_Q,-0.0098912,0.0040652,-0.157,0.42436,0.014908,-0.13083,1,-0.21583,-0.063222
omega_V2,0.0031716,0.00080675,0.15487,-0.19599,0.00025918,-0.077167,-0.21583,1,0.052017
a,0.012231,-0.0081591,0.099779,-0.10919,-0.022806,-0.12454,-0.063222,0.052017,1
