Cl_pop,16.38,-0.70572,0.072339,-0.3814,0.0019023,-0.0043475,-0.015212,0.0027411,0.0088203
beta_Cl_tSCRMGDL,-0.70572,0.033421,-0.0020097,0.0075319,-8.1088e-5,0.00016986,0.0002824,3.1495e-5,-0.00026577
V1_pop,0.072339,-0.0020097,5.0643,-1.4423,5.1707e-5,-0.025303,-0.13425,0.074425,0.040008
V2_pop,-0.3814,0.0075319,-1.4423,14.438,-0.001991,-0.0016411,0.61272,-0.15903,-0.073922
omega_Cl,0.0019023,-8.1088e-5,5.1707e-5,-0.001991,0.0018126,-3.297e-5,0.00024119,2.3564e-6,-0.000173
omega_V1,-0.0043475,0.00016986,-0.025303,-0.0016411,-3.297e-5,0.0059383,-0.003831,-0.0012699,-0.00171
omega_Q,-0.015212,0.0002824,-0.13425,0.61272,0.00024119,-0.003831,0.1444,-0.017514,-0.0042805
omega_V2,0.0027411,3.1495e-5,0.074425,-0.15903,2.3564e-6,-0.0012699,-0.017514,0.045602,0.0019792
a,0.0088203,-0.00026577,0.040008,-0.073922,-0.000173,-0.00171,-0.0042805,0.0019792,0.031747
