Cl_pop,16.108,-0.69568,-0.12631,0.093909,0.0022997,-0.0023792,0.024456,-0.0084691,0.0029712
beta_Cl_tSCRMGDL,-0.69568,0.033006,0.0079433,-0.011986,-0.00010689,6.5851e-5,-0.0015489,0.00066915,-7.5694e-5
V1_pop,-0.12631,0.0079433,7.0741,-3.9266,-0.0009005,0.024789,-0.39718,0.15139,-0.011451
V2_pop,0.093909,-0.011986,-3.9266,16.689,-0.0010225,0.00060056,0.75274,-0.44896,-0.005364
omega_Cl,0.0022997,-0.00010689,-0.0009005,-0.0010225,0.0016805,-5.6116e-5,0.0001386,9.4936e-5,9.9064e-6
omega_V1,-0.0023792,6.5851e-5,0.024789,0.00060056,-5.6116e-5,0.0045904,-0.0036494,-0.002098,-0.0002408
omega_Q,0.024456,-0.0015489,-0.39718,0.75274,0.0001386,-0.0036494,0.11744,-0.027148,0.00097619
omega_V2,-0.0084691,0.00066915,0.15139,-0.44896,9.4936e-5,-0.002098,-0.027148,0.053847,-0.00026541
a,0.0029712,-7.5694e-5,-0.011451,-0.005364,9.9064e-6,-0.0002408,0.00097619,-0.00026541,0.004235
