Cl_pop,1,-0.95377,0.00061844,-0.020997,0.011489,0.0012573,-0.005084,-0.0057788,0.008837
beta_Cl_tSCRMGDL,-0.95377,1,0.00064968,0.0084943,-0.0066389,-0.0013336,0.00037342,0.0078185,-0.0061025
V1_pop,0.00061844,0.00064968,1,-0.089713,-0.0052446,-0.012097,-0.1207,0.14839,-0.0019743
V2_pop,-0.020997,0.0084943,-0.089713,1,-0.00058969,-0.13479,0.38552,0.17151,-0.13001
omega_Cl,0.011489,-0.0066389,-0.0052446,-0.00058969,1,-0.017651,0.033158,-0.0049536,-0.029723
omega_V1,0.0012573,-0.0013336,-0.012097,-0.13479,-0.017651,1,-0.29826,-0.12654,-0.0024288
omega_Q,-0.005084,0.00037342,-0.1207,0.38552,0.033158,-0.29826,1,-0.032597,-0.10083
omega_V2,-0.0057788,0.0078185,0.14839,0.17151,-0.0049536,-0.12654,-0.032597,1,-0.064916
a,0.008837,-0.0061025,-0.0019743,-0.13001,-0.029723,-0.0024288,-0.10083,-0.064916,1
