Cl_pop,16.437,-0.70813,0.0056092,-0.37576,0.0020052,0.00041766,-0.0073643,-0.0051337,0.0073582
beta_Cl_tSCRMGDL,-0.70813,0.033536,0.00026616,0.0068665,-5.2336e-5,-2.0009e-5,2.4432e-5,0.00031373,-0.00022952
V1_pop,0.0056092,0.00026616,5.0048,-0.88592,-0.00050507,-0.0022173,-0.096471,0.072743,-0.0009071
V2_pop,-0.37576,0.0068665,-0.88592,19.485,-0.00011205,-0.048747,0.60799,0.16589,-0.11786
omega_Cl,0.0020052,-5.2336e-5,-0.00050507,-0.00011205,0.0018531,-6.2255e-5,0.00050997,-4.6725e-5,-0.00026278
omega_V1,0.00041766,-2.0009e-5,-0.0022173,-0.048747,-6.2255e-5,0.0067129,-0.0087308,-0.0022718,-4.087e-5
omega_Q,-0.0073643,2.4432e-5,-0.096471,0.60799,0.00050997,-0.0087308,0.12765,-0.002552,-0.0073985
omega_V2,-0.0051337,0.00031373,0.072743,0.16589,-4.6725e-5,-0.0022718,-0.002552,0.048014,-0.0029214
a,0.0073582,-0.00022952,-0.0009071,-0.11786,-0.00026278,-4.087e-5,-0.0073985,-0.0029214,0.04218
