Cl_pop,1,-0.95304,-0.0077684,-0.029428,-0.0078705,0.0017093,0.017365,-0.042416,0.042493
beta_Cl_tSCRMGDL,-0.95304,1,0.0092808,0.0095119,0.0070396,-0.0047067,-0.012189,0.039356,-0.024029
V1_pop,-0.0077684,0.0092808,1,-0.31859,-0.0079197,0.0041171,-0.35325,0.39136,-0.072587
V2_pop,-0.029428,0.0095119,-0.31859,1,-0.0033111,-0.29148,0.58504,-0.28032,0.0016712
omega_Cl,-0.0078705,0.0070396,-0.0079197,-0.0033111,1,-0.029493,0.043947,-0.016705,-0.081872
omega_V1,0.0017093,-0.0047067,0.0041171,-0.29148,-0.029493,1,-0.44938,0.084611,-0.12409
omega_Q,0.017365,-0.012189,-0.35325,0.58504,0.043947,-0.44938,1,-0.54682,0.27567
omega_V2,-0.042416,0.039356,0.39136,-0.28032,-0.016705,0.084611,-0.54682,1,-0.34884
a,0.042493,-0.024029,-0.072587,0.0016712,-0.081872,-0.12409,0.27567,-0.34884,1
