Cl_pop,16.439,-0.70775,0.057976,-0.35314,0.00042631,0.00030303,-0.013054,-0.0094016,0.0096975
beta_Cl_tSCRMGDL,-0.70775,0.033502,-0.0015277,0.0063031,-3.0948e-5,-3.1887e-5,0.00034155,0.00053774,-0.00024243
V1_pop,0.057976,-0.0015277,5.2261,-1.44,-0.0005329,-0.0076395,-0.16209,0.1192,0.021661
V2_pop,-0.35314,0.0063031,-1.44,13.943,-0.0020215,-0.03749,0.56289,-0.087968,-0.096372
omega_Cl,0.00042631,-3.0948e-5,-0.0005329,-0.0020215,0.0018318,-7.7596e-5,0.00023599,-5.0983e-5,-0.00019837
omega_V1,0.00030303,-3.1887e-5,-0.0076395,-0.03749,-7.7596e-5,0.00798,-0.010629,-0.0042486,-0.00023525
omega_Q,-0.013054,0.00034155,-0.16209,0.56289,0.00023599,-0.010629,0.1523,-0.0084806,-0.0080636
omega_V2,-0.0094016,0.00053774,0.1192,-0.087968,-5.0983e-5,-0.0042486,-0.0084806,0.063934,0.00051881
a,0.0096975,-0.00024243,0.021661,-0.096372,-0.00019837,-0.00023525,-0.0080636,0.00051881,0.041379
