Cl_pop,16.394,-0.70624,0.28727,-0.41269,0.00085326,0.003302,-0.010734,-0.0068186,0.010289
beta_Cl_tSCRMGDL,-0.70624,0.033456,-0.015662,0.010526,-9.2892e-6,-0.00019634,0.00080774,0.00042006,-0.0003557
V1_pop,0.28727,-0.015662,72.832,-0.8663,-0.0063047,0.88783,-0.25932,-0.15459,-0.0014771
V2_pop,-0.41269,0.010526,-0.8663,14.888,-0.0011876,-0.0074785,0.36187,-0.061384,-0.090223
omega_Cl,0.00085326,-9.2892e-6,-0.0063047,-0.0011876,0.0018662,-8.2675e-5,0.00048478,3.0951e-5,-0.00028915
omega_V1,0.003302,-0.00019634,0.88783,-0.0074785,-8.2675e-5,0.012374,-0.0043878,-0.0030134,-0.00082729
omega_Q,-0.010734,0.00080774,-0.25932,0.36187,0.00048478,-0.0043878,0.098919,-0.0077247,0.00045948
omega_V2,-0.0068186,0.00042006,-0.15459,-0.061384,3.0951e-5,-0.0030134,-0.0077247,0.047286,0.00087617
a,0.010289,-0.0003557,-0.0014771,-0.090223,-0.00028915,-0.00082729,0.00045948,0.00087617,0.040614
