Cl_pop,16.425,-0.70765,0.069633,-0.27671,0.00037789,0.0013482,-0.0068171,-0.00099951,0.0044344
beta_Cl_tSCRMGDL,-0.70765,0.033513,-0.004607,0.0062025,-1.4161e-5,-0.00010037,0.00068019,0.00019928,-0.00013033
V1_pop,0.069633,-0.004607,17.703,0.026642,-0.00062743,0.24556,0.0020206,-0.027386,0.030566
V2_pop,-0.27671,0.0062025,0.026642,16.534,-0.0020957,-0.012384,0.76413,-0.11408,-0.12538
omega_Cl,0.00037789,-1.4161e-5,-0.00062743,-0.0020957,0.0018341,-1.5444e-5,0.0001915,1.2794e-5,-0.00030015
omega_V1,0.0013482,-0.00010037,0.24556,-0.012384,-1.5444e-5,0.0058823,-0.0041782,-0.0014,-0.00046428
omega_Q,-0.0068171,0.00068019,0.0020206,0.76413,0.0001915,-0.0041782,0.17576,-0.01996,-0.0083864
omega_V2,-0.00099951,0.00019928,-0.027386,-0.11408,1.2794e-5,-0.0014,-0.01996,0.050989,0.0014448
a,0.0044344,-0.00013033,0.030566,-0.12538,-0.00030015,-0.00046428,-0.0083864,0.0014448,0.046463
