Cl_pop,1,-0.95371,0.0032841,-0.013421,-0.0068607,0.0016203,-0.0061728,-0.0017372,0.012418
beta_Cl_tSCRMGDL,-0.95371,1,-0.0017714,-0.001892,-0.0015954,-0.00024026,-0.00091549,0.008961,-0.0019553
V1_pop,0.0032841,-0.0017714,1,-0.1612,0.0036079,-0.10543,-0.067762,0.14675,0.0091906
V2_pop,-0.013421,-0.001892,-0.1612,1,-0.014547,-0.11219,0.42593,-0.69634,-0.15677
omega_Cl,-0.0068607,-0.0015954,0.0036079,-0.014547,1,-0.015259,0.010509,0.008179,-0.011347
omega_V1,0.0016203,-0.00024026,-0.10543,-0.11219,-0.015259,1,-0.28432,0.0019722,0.0639
omega_Q,-0.0061728,-0.00091549,-0.067762,0.42593,0.010509,-0.28432,1,-0.26737,-0.19748
omega_V2,-0.0017372,0.008961,0.14675,-0.69634,0.008179,0.0019722,-0.26737,1,0.024824
a,0.012418,-0.0019553,0.0091906,-0.15677,-0.011347,0.0639,-0.19748,0.024824,1
