Cl_pop,16.431,-0.70794,0.028122,-0.18599,-0.0011748,0.00047884,-0.011554,-0.00186,0.010118
beta_Cl_tSCRMGDL,-0.70794,0.033534,-0.00068528,-0.0011845,-1.2342e-5,-3.2076e-6,-7.7412e-5,0.00043346,-7.1976e-5
V1_pop,0.028122,-0.00068528,4.4628,-1.1642,0.00032198,-0.016239,-0.0661,0.081889,0.0039028
V2_pop,-0.18599,-0.0011845,-1.1642,11.688,-0.0021009,-0.027963,0.67238,-0.62883,-0.10774
omega_Cl,-0.0011748,-1.2342e-5,0.00032198,-0.0021009,0.0017846,-4.6995e-5,0.000205,9.1267e-5,-9.6357e-5
omega_V1,0.00047884,-3.2076e-6,-0.016239,-0.027963,-4.6995e-5,0.0053152,-0.0095717,3.798e-5,0.00093647
omega_Q,-0.011554,-7.7412e-5,-0.0661,0.67238,0.000205,-0.0095717,0.21322,-0.032612,-0.01833
omega_V2,-0.00186,0.00043346,0.081889,-0.62883,9.1267e-5,3.798e-5,-0.032612,0.069774,0.0013181
a,0.010118,-7.1976e-5,0.0039028,-0.10774,-9.6357e-5,0.00093647,-0.01833,0.0013181,0.040408
