Cl_pop,1,-0.95381,0.0044724,-0.021798,0.004407,-0.0010923,-0.009482,-0.00097864,0.012941
beta_Cl_tSCRMGDL,-0.95381,1,-0.0032678,0.0084799,-0.0052991,-0.00038582,0.0070524,0.0044301,-0.0068195
V1_pop,0.0044724,-0.0032678,1,-0.11719,0.00021958,-0.14566,-0.016796,0.1041,0.076272
V2_pop,-0.021798,0.0084799,-0.11719,1,-0.017761,-0.044604,0.29509,-0.35353,-0.15443
omega_Cl,0.004407,-0.0052991,0.00021958,-0.017761,1,-0.0076862,-0.0041517,-0.0031388,-0.015772
omega_V1,-0.0010923,-0.00038582,-0.14566,-0.044604,-0.0076862,1,-0.1627,-0.054417,-0.027338
omega_Q,-0.009482,0.0070524,-0.016796,0.29509,-0.0041517,-0.1627,1,-0.097107,-0.10375
omega_V2,-0.00097864,0.0044301,0.1041,-0.35353,-0.0031388,-0.054417,-0.097107,1,0.045213
a,0.012941,-0.0068195,0.076272,-0.15443,-0.015772,-0.027338,-0.10375,0.045213,1
