Cl_pop,16.437,-0.70785,0.038941,-0.27558,0.00076773,-0.00031805,-0.013502,-0.00082586,0.010799
beta_Cl_tSCRMGDL,-0.70785,0.033508,-0.0012847,0.0048405,-4.168e-5,-5.0723e-6,0.00045341,0.0001688,-0.00025694
V1_pop,0.038941,-0.0012847,4.6125,-0.78482,2.0264e-5,-0.022467,-0.012669,0.046536,0.033717
V2_pop,-0.27558,0.0048405,-0.78482,9.724,-0.0023798,-0.0099895,0.32318,-0.22947,-0.099121
omega_Cl,0.00076773,-4.168e-5,2.0264e-5,-0.0023798,0.0018463,-2.372e-5,-6.2656e-5,-2.8073e-5,-0.00013949
omega_V1,-0.00031805,-5.0723e-6,-0.022467,-0.0099895,-2.372e-5,0.0051581,-0.0041041,-0.0008135,-0.00040412
omega_Q,-0.013502,0.00045341,-0.012669,0.32318,-6.2656e-5,-0.0041041,0.12336,-0.0070992,-0.0075001
omega_V2,-0.00082586,0.0001688,0.046536,-0.22947,-2.8073e-5,-0.0008135,-0.0070992,0.043327,0.0019371
a,0.010799,-0.00025694,0.033717,-0.099121,-0.00013949,-0.00040412,-0.0075001,0.0019371,0.042366
