Cl_pop,16.526,-0.71064,0.25245,-0.85069,0.0014914,-0.011624,-0.037133,0.041766,0.015446
beta_Cl_tSCRMGDL,-0.71064,0.03361,-0.0047664,0.016903,-5.7479e-5,0.00035388,0.00073398,-0.00079963,-0.00037195
V1_pop,0.25245,-0.0047664,7.8762,-5.5026,0.0017249,-0.0045681,-0.26078,0.36834,0.041304
V2_pop,-0.85069,0.016903,-5.5026,21.408,-0.0058361,0.058454,0.87929,-0.78562,-0.16489
omega_Cl,0.0014914,-5.7479e-5,0.0017249,-0.0058361,0.0018789,-0.00015009,7.9313e-6,0.00025307,-0.0001173
omega_V1,-0.011624,0.00035388,-0.0045681,0.058454,-0.00015009,0.010959,-0.0034778,-0.011188,-0.0010532
omega_Q,-0.037133,0.00073398,-0.26078,0.87929,7.9313e-6,-0.0034778,0.14136,-0.041606,-0.011475
omega_V2,0.041766,-0.00079963,0.36834,-0.78562,0.00025307,-0.011188,-0.041606,0.10546,0.0049361
a,0.015446,-0.00037195,0.041304,-0.16489,-0.0001173,-0.0010532,-0.011475,0.0049361,0.04038
