Cl_pop,1,-0.95366,0.00028088,-0.011267,0.0032226,-0.0082133,0.0018709,0.0013541,0.012919
beta_Cl_tSCRMGDL,-0.95366,1,0.0061324,-0.0061358,-0.0081307,0.011622,-0.012686,0.0074709,-0.0064825
V1_pop,0.00028088,0.0061324,1,-0.31634,-0.0048159,0.099071,-0.31666,0.20431,0.039452
V2_pop,-0.011267,-0.0061358,-0.31634,1,0.0055081,-0.29441,0.62476,-0.6251,-0.082275
omega_Cl,0.0032226,-0.0081307,-0.0048159,0.0055081,1,-0.013579,0.01758,-0.016853,-0.024246
omega_V1,-0.0082133,0.011622,0.099071,-0.29441,-0.013579,1,-0.49363,0.068232,-0.048914
omega_Q,0.0018709,-0.012686,-0.31666,0.62476,0.01758,-0.49363,1,-0.33418,-0.01459
omega_V2,0.0013541,0.0074709,0.20431,-0.6251,-0.016853,0.068232,-0.33418,1,0.0014066
a,0.012919,-0.0064825,0.039452,-0.082275,-0.024246,-0.048914,-0.01459,0.0014066,1
