Cl_pop,1,-0.95385,0.015154,-0.027669,0.014075,0.0053606,-0.016956,0.0075792,0.011825
beta_Cl_tSCRMGDL,-0.95385,1,-0.011544,0.013606,-0.01097,-0.0071459,0.014064,-9.4472e-5,-0.005858
V1_pop,0.015154,-0.011544,1,-0.22911,0.0028349,-0.012975,-0.22304,0.22284,0.075848
V2_pop,-0.027669,0.013606,-0.22911,1,-0.020631,-0.024246,0.41061,-0.34,-0.19018
omega_Cl,0.014075,-0.01097,0.0028349,-0.020631,1,-0.016101,0.0054438,0.01154,-0.011075
omega_V1,0.0053606,-0.0071459,-0.012975,-0.024246,-0.016101,1,-0.15436,-0.098284,-0.029925
omega_Q,-0.016956,0.014064,-0.22304,0.41061,0.0054438,-0.15436,1,-0.22105,-0.20821
omega_V2,0.0075792,-9.4472e-5,0.22284,-0.34,0.01154,-0.098284,-0.22105,1,0.10096
a,0.011825,-0.005858,0.075848,-0.19018,-0.011075,-0.029925,-0.20821,0.10096,1
