Cl_pop,16.443,-0.70839,0.043496,-0.50913,0.0022106,-0.0012302,-0.022328,0.010996,0.0070005
beta_Cl_tSCRMGDL,-0.70839,0.033553,0.0012491,0.0071675,-0.00010562,2.2044e-5,0.00028285,4.7164e-5,-9.4463e-5
V1_pop,0.043496,0.0012491,6.5127,-3.6083,-0.0010914,0.024471,-0.36587,0.17181,0.02284
V2_pop,-0.50913,0.0071675,-3.6083,19.026,-0.0015321,-0.007985,0.90941,-0.4485,-0.099916
omega_Cl,0.0022106,-0.00010562,-0.0010914,-0.0015321,0.0017942,-1.0669e-5,0.00016829,1.5578e-5,-0.00012969
omega_V1,-0.0012302,2.2044e-5,0.024471,-0.007985,-1.0669e-5,0.0070564,-0.0069572,-0.0028923,-0.00072366
omega_Q,-0.022328,0.00028285,-0.36587,0.90941,0.00016829,-0.0069572,0.14872,-0.034431,-0.005726
omega_V2,0.010996,4.7164e-5,0.17181,-0.4485,1.5578e-5,-0.0028923,-0.034431,0.067104,0.0023577
a,0.0070005,-9.4463e-5,0.02284,-0.099916,-0.00012969,-0.00072366,-0.005726,0.0023577,0.041053
