Cl_pop,16.435,-0.7076,0.046829,-0.38692,0.0024309,-0.0019864,-0.029281,0.012515,-7.2155e-5
beta_Cl_tSCRMGDL,-0.7076,0.0335,-0.00038013,0.0064042,-0.00010516,5.5848e-5,0.00078242,-5.521e-5,4.4498e-5
V1_pop,0.046829,-0.00038013,5.3096,-1.691,0.00029598,-0.0017099,-0.03001,0.18355,0.01681
V2_pop,-0.38692,0.0064042,-1.691,14.688,-0.0023692,-0.0025575,0.74999,-0.38915,-0.077473
omega_Cl,0.0024309,-0.00010516,0.00029598,-0.0023692,0.0017882,-5.7407e-5,0.00019938,9.1398e-6,-0.00010566
omega_V1,-0.0019864,5.5848e-5,-0.0017099,-0.0025575,-5.7407e-5,0.0056507,-0.006814,-0.0015839,-0.0013202
omega_Q,-0.029281,0.00078242,-0.03001,0.74999,0.00019938,-0.006814,0.22237,-0.038298,-0.0042328
omega_V2,0.012515,-5.521e-5,0.18355,-0.38915,9.1398e-6,-0.0015839,-0.038298,0.083631,0.0023539
a,-7.2155e-5,4.4498e-5,0.01681,-0.077473,-0.00010566,-0.0013202,-0.0042328,0.0023539,0.040773
