Cl_pop,1,-0.85993,0.005462,-0.034841,0.42847,-0.006662,-0.016537,-0.0046679,0.012895
beta_Cl_tSCRMGDL,-0.85993,1,-0.0014558,0.0079254,0.004016,-0.0014198,0.0055968,0.011954,-0.0086218
V1_pop,0.005462,-0.0014558,1,-0.15507,0.0021826,0.01536,-0.15624,0.19475,0.032673
V2_pop,-0.034841,0.0079254,-0.15507,1,-0.025209,-0.1236,0.54296,-0.2232,-0.16603
omega_Cl,0.42847,0.004016,0.0021826,-0.025209,1,-0.01616,-0.0021158,-0.0033271,-0.017751
omega_V1,-0.006662,-0.0014198,0.01536,-0.1236,-0.01616,1,-0.24116,-0.051738,-0.03825
omega_Q,-0.016537,0.0055968,-0.15624,0.54296,-0.0021158,-0.24116,1,-0.32745,-0.13296
omega_V2,-0.0046679,0.011954,0.19475,-0.2232,-0.0033271,-0.051738,-0.32745,1,0.051173
a,0.012895,-0.0086218,0.032673,-0.16603,-0.017751,-0.03825,-0.13296,0.051173,1
