Cl_pop,30.409,-0.86803,0.066734,-0.79041,0.12609,-0.0027717,-0.040424,-0.006306,0.01474
beta_Cl_tSCRMGDL,-0.86803,0.033508,-0.00059042,0.0059684,3.923e-5,-1.9609e-5,0.00045414,0.00053608,-0.00032713
V1_pop,0.066734,-0.00059042,4.9091,-1.4135,0.00025806,0.0025676,-0.15345,0.10571,0.015005
V2_pop,-0.79041,0.0059684,-1.4135,16.925,-0.0055345,-0.038363,0.99016,-0.22495,-0.14158
omega_Cl,0.12609,3.923e-5,0.00025806,-0.0055345,0.0028478,-6.5063e-5,-5.005e-5,-4.3497e-5,-0.00019635
omega_V1,-0.0027717,-1.9609e-5,0.0025676,-0.038363,-6.5063e-5,0.0056922,-0.0080654,-0.00095628,-0.00059817
omega_Q,-0.040424,0.00045414,-0.15345,0.99016,-5.005e-5,-0.0080654,0.19649,-0.03556,-0.012217
omega_V2,-0.006306,0.00053608,0.10571,-0.22495,-4.3497e-5,-0.00095628,-0.03556,0.060017,0.0025985
a,0.01474,-0.00032713,0.015005,-0.14158,-0.00019635,-0.00059817,-0.012217,0.0025985,0.042964
