Cl_pop,1,-0.95364,0.0067247,-0.019016,-3.1258e-5,-0.0079128,-0.0015138,0.0067525,0.018247
beta_Cl_tSCRMGDL,-0.95364,1,-0.0022644,0.0022334,-0.0051256,0.0060189,-0.00077622,0.0037125,-0.011097
V1_pop,0.0067247,-0.0022644,1,-0.219,0.0063402,-0.10017,-0.10997,0.18266,0.05165
V2_pop,-0.019016,0.0022334,-0.219,1,-0.017565,-0.010846,0.38632,-0.74823,-0.15119
omega_Cl,-3.1258e-5,-0.0051256,0.0063402,-0.017565,1,-0.012904,0.0098736,0.0052052,-0.00625
omega_V1,-0.0079128,0.0060189,-0.10017,-0.010846,-0.012904,1,-0.19526,-0.059862,0.0020881
omega_Q,-0.0015138,-0.00077622,-0.10997,0.38632,0.0098736,-0.19526,1,-0.2542,-0.12691
omega_V2,0.0067525,0.0037125,0.18266,-0.74823,0.0052052,-0.059862,-0.2542,1,0.057244
a,0.018247,-0.011097,0.05165,-0.15119,-0.00625,0.0020881,-0.12691,0.057244,1
