Cl_pop,16.151,-0.69725,-0.0067791,-0.20577,0.0012476,-0.0037669,-0.0013245,0.0049837,0.0034145
beta_Cl_tSCRMGDL,-0.69725,0.033066,0.0017578,0.003437,-6.5458e-5,0.00014615,-0.00015015,-8.3023e-5,-0.00011156
V1_pop,-0.0067791,0.0017578,6.5331,-3.052,-0.00036617,0.048597,-0.30495,0.13249,-0.0067074
V2_pop,-0.20577,0.003437,-3.052,14.687,-0.00055485,-0.007818,0.51314,-0.3477,-0.027949
omega_Cl,0.0012476,-6.5458e-5,-0.00036617,-0.00055485,0.0017181,-2.5445e-5,0.00018742,5.7838e-5,-1.4724e-5
omega_V1,-0.0037669,0.00014615,0.048597,-0.007818,-2.5445e-5,0.006074,-0.0050577,-0.0019684,-0.0007246
omega_Q,-0.0013245,-0.00015015,-0.30495,0.51314,0.00018742,-0.0050577,0.092107,-0.018165,-0.00010917
omega_V2,0.0049837,-8.3023e-5,0.13249,-0.3477,5.7838e-5,-0.0019684,-0.018165,0.053784,0.0010983
a,0.0034145,-0.00011156,-0.0067074,-0.027949,-1.4724e-5,-0.0007246,-0.00010917,0.0010983,0.0069126
