Cl_pop,1,-0.95368,0.014681,-0.027551,-0.0021262,0.0011978,-0.015494,0.0061544,0.020193
beta_Cl_tSCRMGDL,-0.95368,1,-0.0098458,0.010941,-0.0048509,-0.0019407,0.0092704,0.0013834,-0.0083192
V1_pop,0.014681,-0.0098458,1,-0.22628,0.0009856,-0.06137,-0.14439,0.15524,0.086238
V2_pop,-0.027551,0.010941,-0.22628,1,-0.0066367,-0.077338,0.38848,-0.63624,-0.18836
omega_Cl,-0.0021262,-0.0048509,0.0009856,-0.0066367,1,-0.0107,0.0062111,-0.010808,-0.012242
omega_V1,0.0011978,-0.0019407,-0.06137,-0.077338,-0.0107,1,-0.37262,-0.078111,0.012721
omega_Q,-0.015494,0.0092704,-0.14439,0.38848,0.0062111,-0.37262,1,-0.1471,-0.11893
omega_V2,0.0061544,0.0013834,0.15524,-0.63624,-0.010808,-0.078111,-0.1471,1,0.054627
a,0.020193,-0.0083192,0.086238,-0.18836,-0.012242,0.012721,-0.11893,0.054627,1
