Cl_pop,17.298,-0.74777,0.09109,-0.31061,0.0025626,0.0020026,0.0020751,-0.0015479,0.024718
beta_Cl_tSCRMGDL,-0.74777,0.035674,-0.0012009,0.0013812,-6.8855e-5,-9.4055e-5,-0.00046381,0.00049631,-0.00054758
V1_pop,0.09109,-0.0012009,5.5334,-2.1134,-0.0015185,0.012575,-0.16807,0.12245,0.066718
V2_pop,-0.31061,0.0013812,-2.1134,12.451,-0.0022143,0.00069515,0.4312,-0.25327,-0.17556
omega_Cl,0.0025626,-6.8855e-5,-0.0015185,-0.0022143,0.0020816,-4.1745e-5,0.00016967,-3.8975e-5,-7.1603e-5
omega_V1,0.0020026,-9.4055e-5,0.012575,0.00069515,-4.1745e-5,0.0056286,-0.0015578,-0.0014937,0.00010289
omega_Q,0.0020751,-0.00046381,-0.16807,0.4312,0.00016967,-0.0015578,0.11005,-0.016044,-0.0086447
omega_V2,-0.0015479,0.00049631,0.12245,-0.25327,-3.8975e-5,-0.0014937,-0.016044,0.050861,0.0051609
a,0.024718,-0.00054758,0.066718,-0.17556,-7.1603e-5,0.00010289,-0.0086447,0.0051609,0.054861
