Cl_pop,1,-0.95373,-0.00077837,-0.013702,0.01748,-0.011822,0.0039917,-0.0018841,0.0062743
beta_Cl_tSCRMGDL,-0.95373,1,0.0040471,7.3072e-5,-0.0098751,0.0087764,-0.0064586,0.0077904,-0.0025913
V1_pop,-0.00077837,0.0040471,1,-0.22443,0.010654,0.074567,-0.12612,0.20187,-0.0019002
V2_pop,-0.013702,7.3072e-5,-0.22443,1,-0.025692,-0.067885,0.35786,-0.27255,-0.091085
omega_Cl,0.01748,-0.0098751,0.010654,-0.025692,1,-0.013968,-0.002243,0.0050154,-0.028433
omega_V1,-0.011822,0.0087764,0.074567,-0.067885,-0.013968,1,-0.28863,-0.15071,-0.023823
omega_Q,0.0039917,-0.0064586,-0.12612,0.35786,-0.002243,-0.28863,1,-0.13368,-0.059952
omega_V2,-0.0018841,0.0077904,0.20187,-0.27255,0.0050154,-0.15071,-0.13368,1,0.0091497
a,0.0062743,-0.0025913,-0.0019002,-0.091085,-0.028433,-0.023823,-0.059952,0.0091497,1
