Cl_pop,1,-0.95367,0.0085545,-0.023892,-0.0080078,0.00723,-0.020192,0.0018271,0.027105
beta_Cl_tSCRMGDL,-0.95367,1,-0.0053116,0.0088983,0.00064664,-0.0068473,0.0141,0.0047299,-0.016677
V1_pop,0.0085545,-0.0053116,1,-0.20293,0.0038896,-0.14993,-0.088494,0.16946,0.055349
V2_pop,-0.023892,0.0088983,-0.20293,1,-0.015907,-0.051083,0.39599,-0.75482,-0.088656
omega_Cl,-0.0080078,0.00064664,0.0038896,-0.015907,1,-0.0088878,0.0041572,-0.00063775,-0.012497
omega_V1,0.00723,-0.0068473,-0.14993,-0.051083,-0.0088878,1,-0.21895,-0.03034,0.0087069
omega_Q,-0.020192,0.0141,-0.088494,0.39599,0.0041572,-0.21895,1,-0.25248,-0.056487
omega_V2,0.0018271,0.0047299,0.16946,-0.75482,-0.00063775,-0.03034,-0.25248,1,-0.023603
a,0.027105,-0.016677,0.055349,-0.088656,-0.012497,0.0087069,-0.056487,-0.023603,1
