Cl_pop,1,-0.10945,0.014834,-0.11024,0.97554,-0.11081,0.069206,-0.067917,-0.0036089
beta_Cl_tSCRMGDL,-0.10945,1,0.0039035,-0.0079828,0.10155,-0.0019844,-0.0020137,0.00069853,-0.011497
V1_pop,0.014834,0.0039035,1,-0.15679,0.014902,0.10197,-0.17725,0.085341,0.061382
V2_pop,-0.11024,-0.0079828,-0.15679,1,-0.10909,-0.14535,0.33636,0.0179,-0.18207
omega_Cl,0.97554,0.10155,0.014902,-0.10909,1,-0.11133,0.069606,-0.06878,-0.010378
omega_V1,-0.11081,-0.0019844,0.10197,-0.14535,-0.11133,1,-0.36217,-0.15267,0.020389
omega_Q,0.069206,-0.0020137,-0.17725,0.33636,0.069606,-0.36217,1,-0.0001712,-0.16359
omega_V2,-0.067917,0.00069853,0.085341,0.0179,-0.06878,-0.15267,-0.0001712,1,0.015065
a,-0.0036089,-0.011497,0.061382,-0.18207,-0.010378,0.020389,-0.16359,0.015065,1
