Cl_pop,1,-0.90637,0.0051691,-0.02157,0.3088,-0.014485,0.0069227,0.00032618,0.017118
beta_Cl_tSCRMGDL,-0.90637,1,-0.0033843,0.0091674,0.0025561,-0.0014934,0.0038724,0.0032604,-0.0069787
V1_pop,0.0051691,-0.0033843,1,-0.16837,-0.00047673,0.039028,-0.20537,0.09626,0.086865
V2_pop,-0.02157,0.0091674,-0.16837,1,-0.004388,-0.16786,0.36601,-0.0058869,-0.22692
omega_Cl,0.3088,0.0025561,-0.00047673,-0.004388,1,-0.040418,0.034033,-0.0025937,-0.0030958
omega_V1,-0.014485,-0.0014934,0.039028,-0.16786,-0.040418,1,-0.35877,-0.11882,0.057891
omega_Q,0.0069227,0.0038724,-0.20537,0.36601,0.034033,-0.35877,1,-0.022036,-0.21554
omega_V2,0.00032618,0.0032604,0.09626,-0.0058869,-0.0025937,-0.11882,-0.022036,1,0.016867
a,0.017118,-0.0069787,0.086865,-0.22692,-0.0030958,0.057891,-0.21554,0.016867,1
