Cl_pop,24.865,-0.8284,0.057745,-0.39836,0.074086,-0.0064857,0.012308,0.00035065,0.017365
beta_Cl_tSCRMGDL,-0.8284,0.033596,-0.0013897,0.0062233,2.2542e-5,-2.4579e-5,0.00025307,0.00012884,-0.00026024
V1_pop,0.057745,-0.0013897,5.0188,-1.397,-5.1384e-5,0.0078508,-0.16404,0.046491,0.039591
V2_pop,-0.39836,0.0062233,-1.397,13.717,-0.00078192,-0.055825,0.48333,-0.0047005,-0.17099
omega_Cl,0.074086,2.2542e-5,-5.1384e-5,-0.00078192,0.0023148,-0.00017461,0.00058382,-2.6903e-5,-3.0303e-5
omega_V1,-0.0064857,-2.4579e-5,0.0078508,-0.055825,-0.00017461,0.0080627,-0.011486,-0.0023001,0.0010576
omega_Q,0.012308,0.00025307,-0.16404,0.48333,0.00058382,-0.011486,0.12713,-0.0016939,-0.015635
omega_V2,0.00035065,0.00012884,0.046491,-0.0047005,-2.6903e-5,-0.0023001,-0.0016939,0.046478,0.00073982
a,0.017365,-0.00026024,0.039591,-0.17099,-3.0303e-5,0.0010576,-0.015635,0.00073982,0.04139
