Cl_pop,1,-0.95377,0.0082271,-0.02156,0.011962,-0.0066193,-0.0087058,0.0085378,0.012109
beta_Cl_tSCRMGDL,-0.95377,1,0.0006049,0.0034931,-0.0058012,0.0056914,-0.0019363,0.0033418,-0.0085769
V1_pop,0.0082271,0.0006049,1,-0.35465,0.013343,0.049746,-0.36021,0.30508,0.01448
V2_pop,-0.02156,0.0034931,-0.35465,1,-0.033642,-0.08064,0.57064,-0.481,-0.033381
omega_Cl,0.011962,-0.0058012,0.013343,-0.033642,1,-0.011313,-0.016771,0.023584,-0.022238
omega_V1,-0.0066193,0.0056914,0.049746,-0.08064,-0.011313,1,-0.28988,-0.082603,-0.13843
omega_Q,-0.0087058,-0.0019363,-0.36021,0.57064,-0.016771,-0.28988,1,-0.39569,0.081493
omega_V2,0.0085378,0.0033418,0.30508,-0.481,0.023584,-0.082603,-0.39569,1,0.0082741
a,0.012109,-0.0085769,0.01448,-0.033381,-0.022238,-0.13843,0.081493,0.0082741,1
