Cl_pop,16.337,-0.704,0.082206,-0.38833,0.0020813,-0.0024583,-0.014364,0.0089396,0.0080171
beta_Cl_tSCRMGDL,-0.704,0.033349,0.00027309,0.0028426,-4.5603e-5,9.5498e-5,-0.00014434,0.00015809,-0.00025657
V1_pop,0.082206,0.00027309,6.1114,-3.907,0.0014199,0.011299,-0.36349,0.19538,0.0058638
V2_pop,-0.38833,0.0028426,-3.907,19.858,-0.0064533,-0.033018,1.038,-0.55527,-0.024367
omega_Cl,0.0020813,-4.5603e-5,0.0014199,-0.0064533,0.001853,-4.4745e-5,-0.00029469,0.00026299,-0.0001568
omega_V1,-0.0024583,9.5498e-5,0.011299,-0.033018,-4.4745e-5,0.0084423,-0.010872,-0.0019662,-0.0020835
omega_Q,-0.014364,-0.00014434,-0.36349,1.038,-0.00029469,-0.010872,0.16662,-0.041842,0.0054491
omega_V2,0.0089396,0.00015809,0.19538,-0.55527,0.00026299,-0.0019662,-0.041842,0.067109,0.00035111
a,0.0080171,-0.00025657,0.0058638,-0.024367,-0.0001568,-0.0020835,0.0054491,0.00035111,0.026834
