Cl_pop,0.84821,-4.3249e-7,0.67856,-0.14789,0.0010192,3.8706e-9,0.01956,-0.0011965,0.0088973,-0.00011638
V1_pop,-4.3249e-7,1.7496e-11,-1.0746e-5,3.7444e-6,-1.0413e-8,-5.9347e-14,-2.0493e-7,7.2868e-9,-3.0452e-7,2.7666e-9
Q_pop,0.67856,-1.0746e-5,359.85,-5.0283,0.025384,1.9308e-7,2.769,0.17547,0.26548,0.0045543
V2_pop,-0.14789,3.7444e-6,-5.0283,13.138,-0.003178,-1.0117e-8,-0.013031,-0.049891,-0.086114,-0.00046639
omega_Cl,0.0010192,-1.0413e-8,0.025384,-0.003178,0.0023837,2.3825e-10,0.00075011,9.1939e-5,0.00046427,-3.0859e-5
omega_V1,3.8706e-9,-5.9347e-14,1.9308e-7,-1.0117e-8,2.3825e-10,3.8418e-15,7.8311e-9,8.12e-10,1.0443e-9,-8.692e-12
omega_Q,0.01956,-2.0493e-7,2.769,-0.013031,0.00075011,7.8311e-9,0.2351,-0.0075475,0.0023024,0.00010928
omega_V2,-0.0011965,7.2868e-9,0.17547,-0.049891,9.1939e-5,8.12e-10,-0.0075475,0.03744,-0.0057342,0.00031059
a,0.0088973,-3.0452e-7,0.26548,-0.086114,0.00046427,1.0443e-9,0.0023024,-0.0057342,0.064497,-0.0014015
b,-0.00011638,2.7666e-9,0.0045543,-0.00046639,-3.0859e-5,-8.692e-12,0.00010928,0.00031059,-0.0014015,0.00017677
