Cl_pop,0.87385,0.056616,-0.075649,-1.0211e-6,0.00063828,0.0029855,0.024128,-1.8771e-9,0.010047,-0.0045906
V1_pop,0.056616,3.5548,-0.87874,-7.7149e-6,0.0035484,0.031637,0.093011,-1.7356e-8,0.027947,-0.0075183
Q_pop,-0.075649,-0.87874,4.7897,1.392e-5,-0.0043933,-0.049099,-0.77517,3.2356e-8,-0.077184,0.032365
V2_pop,-1.0211e-6,-7.7149e-6,1.392e-5,2.0196e-10,-8.3554e-8,-5.5707e-7,-4.51e-6,3.6732e-13,-1.1142e-6,5.0467e-7
omega_Cl,0.00063828,0.0035484,-0.0043933,-8.3554e-8,0.0025396,0.00023661,0.0013007,-1.991e-10,0.00075772,-0.00040095
omega_V1,0.0029855,0.031637,-0.049099,-5.5707e-7,0.00023661,0.0045648,0.0099298,-1.3163e-9,0.0037074,-0.001817
omega_Q,0.024128,0.093011,-0.77517,-4.51e-6,0.0013007,0.0099298,0.524,-9.2773e-9,0.025382,-0.011289
omega_V2,-1.8771e-9,-1.7356e-8,3.2356e-8,3.6732e-13,-1.991e-10,-1.3163e-9,-9.2773e-9,3.5265e-15,-2.9759e-9,1.3009e-9
b,0.010047,0.027947,-0.077184,-1.1142e-6,0.00075772,0.0037074,0.025382,-2.9759e-9,0.044383,-0.022156
c,-0.0045906,-0.0075183,0.032365,5.0467e-7,-0.00040095,-0.001817,-0.011289,1.3009e-9,-0.022156,0.012132
