Cl_pop,1,-0.74499,0.0074973,-0.043071,0.61993,-0.0094076,0.0093587,-0.0062535,0.037651
beta_Cl_tSCRMGDL,-0.74499,1,-0.001101,0.0226,0.0052468,-0.0012961,0.015603,0.0046183,-0.014029
V1_pop,0.0074973,-0.001101,1,-0.057691,0.0081376,-0.17753,0.012978,0.12788,0.045138
V2_pop,-0.043071,0.0226,-0.057691,1,-0.024302,-0.034035,0.28709,-0.11206,-0.083754
omega_Cl,0.61993,0.0052468,0.0081376,-0.024302,1,-0.0080128,0.028358,-0.0090853,0.019871
omega_V1,-0.0094076,-0.0012961,-0.17753,-0.034035,-0.0080128,1,-0.20698,-0.053461,-0.15274
omega_Q,0.0093587,0.015603,0.012978,0.28709,0.028358,-0.20698,1,-0.10664,0.086874
omega_V2,-0.0062535,0.0046183,0.12788,-0.11206,-0.0090853,-0.053461,-0.10664,1,-0.011912
a,0.037651,-0.014029,0.045138,-0.083754,0.019871,-0.15274,0.086874,-0.011912,1
