Cl_pop,1,-0.91793,0.014458,-0.039331,0.27571,0.0087861,-0.023464,-0.0024171,0.0091907
beta_Cl_tSCRMGDL,-0.91793,1,-0.010709,0.020522,-0.0040023,-0.016251,0.021561,0.0072503,-0.0048837
V1_pop,0.014458,-0.010709,1,-0.187,-2.9745e-6,-0.069235,-0.19767,0.11009,0.042347
V2_pop,-0.039331,0.020522,-0.187,1,-0.016712,-0.0053027,0.39226,-0.18578,-0.12213
omega_Cl,0.27571,-0.0040023,-2.9745e-6,-0.016712,1,-0.0079094,0.0074818,0.00040333,-0.024052
omega_V1,0.0087861,-0.016251,-0.069235,-0.0053027,-0.0079094,1,-0.09076,-0.096736,-0.070331
omega_Q,-0.023464,0.021561,-0.19767,0.39226,0.0074818,-0.09076,1,-0.20296,-0.076919
omega_V2,-0.0024171,0.0072503,0.11009,-0.18578,0.00040333,-0.096736,-0.20296,1,0.010188
a,0.0091907,-0.0048837,0.042347,-0.12213,-0.024052,-0.070331,-0.076919,0.010188,1
