Cl_pop,23.536,-0.81656,0.15824,-0.73206,0.06291,0.0032992,-0.03438,-0.0025898,0.0091002
beta_Cl_tSCRMGDL,-0.81656,0.033623,-0.0044301,0.014437,-3.4516e-5,-0.00023065,0.0011941,0.00029361,-0.00018277
V1_pop,0.15824,-0.0044301,5.0899,-1.6186,-3.1562e-7,-0.01209,-0.13469,0.054855,0.019499
V2_pop,-0.73206,0.014437,-1.6186,14.719,-0.0030156,-0.0015747,0.45452,-0.15741,-0.095635
omega_Cl,0.06291,-3.4516e-5,-3.1562e-7,-0.0030156,0.002212,-2.8793e-5,0.00010628,4.1894e-6,-0.00023088
omega_V1,0.0032992,-0.00023065,-0.01209,-0.0015747,-2.8793e-5,0.0059911,-0.0021217,-0.0016536,-0.0011111
omega_Q,-0.03438,0.0011941,-0.13469,0.45452,0.00010628,-0.0021217,0.091218,-0.013538,-0.0047415
omega_V2,-0.0025898,0.00029361,0.054855,-0.15741,4.1894e-6,-0.0016536,-0.013538,0.048775,0.00045923
a,0.0091002,-0.00018277,0.019499,-0.095635,-0.00023088,-0.0011111,-0.0047415,0.00045923,0.041656
