Cl_pop,1,-0.95141,0.0038938,-0.016495,0.006004,-0.012052,0.0040839,0.0013158,0.016927
beta_Cl_tSCRMGDL,-0.95141,1,-0.00068748,0.0035939,-0.077214,0.013131,-0.0088067,0.0034824,-0.0083528
V1_pop,0.0038938,-0.00068748,1,-0.22317,0.00018753,0.14376,-0.25329,0.1552,0.074267
V2_pop,-0.016495,0.0035939,-0.22317,1,-0.015453,-0.20122,0.44659,-0.19846,-0.13147
omega_Cl,0.006004,-0.077214,0.00018753,-0.015453,1,-0.02351,0.015106,-0.0035618,-0.01501
omega_V1,-0.012052,0.013131,0.14376,-0.20122,-0.02351,1,-0.44226,-0.11821,-0.061551
omega_Q,0.0040839,-0.0088067,-0.25329,0.44659,0.015106,-0.44226,1,-0.11484,-0.091754
omega_V2,0.0013158,0.0034824,0.1552,-0.19846,-0.0035618,-0.11821,-0.11484,1,0.069
a,0.016927,-0.0083528,0.074267,-0.13147,-0.01501,-0.061551,-0.091754,0.069,1
