Cl_pop,16.478,-0.70979,0.036047,-0.26036,0.0010647,-0.0046223,0.0065346,0.0013527,0.015192
beta_Cl_tSCRMGDL,-0.70979,0.033778,-0.00028816,0.0025684,-0.00061996,0.00022802,-0.00063801,0.00016209,-0.00033941
V1_pop,0.036047,-0.00028816,5.2012,-1.9791,1.8684e-5,0.030977,-0.2277,0.089638,0.037448
V2_pop,-0.26036,0.0025684,-1.9791,15.121,-0.0026251,-0.073929,0.68454,-0.19544,-0.11303
omega_Cl,0.0010647,-0.00061996,1.8684e-5,-0.0026251,0.0019085,-9.7041e-5,0.00026013,-3.9408e-5,-0.00014499
omega_V1,-0.0046223,0.00022802,0.030977,-0.073929,-9.7041e-5,0.0089273,-0.016472,-0.0028287,-0.0012858
omega_Q,0.0065346,-0.00063801,-0.2277,0.68454,0.00026013,-0.016472,0.15538,-0.011465,-0.0079966
omega_V2,0.0013527,0.00016209,0.089638,-0.19544,-3.9408e-5,-0.0028287,-0.011465,0.06414,0.0038636
a,0.015192,-0.00033941,0.037448,-0.11303,-0.00014499,-0.0012858,-0.0079966,0.0038636,0.048883
