Cl_pop,16.557,-0.713,3.2358,3.6948,0.0068783,-0.32257,0.62351,0.041681,0.0085105
beta_Cl_tSCRMGDL,-0.713,0.033738,-0.13067,-0.16203,-0.00027571,0.013377,-0.026119,-0.0016088,-0.00018659
V1_pop,3.2358,-0.13067,98.46,116.56,0.081516,-9.6938,18.75,1.4508,0.17678
V2_pop,3.6948,-0.16203,116.56,172.25,0.10556,-12.662,25.646,1.5407,0.14437
omega_Cl,0.0068783,-0.00027571,0.081516,0.10556,0.0019294,-0.0085736,0.017178,0.0011224,-0.00010768
omega_V1,-0.32257,0.013377,-9.6938,-12.662,-0.0085736,1.0175,-2.0134,-0.14108,-0.016432
omega_Q,0.62351,-0.026119,18.75,25.646,0.017178,-2.0134,4.0967,0.26851,0.025959
omega_V2,0.041681,-0.0016088,1.4508,1.5407,0.0011224,-0.14108,0.26851,0.068581,0.0020894
a,0.0085105,-0.00018659,0.17678,0.14437,-0.00010768,-0.016432,0.025959,0.0020894,0.039118
