Cl_pop,0.84378,0.11575,-0.37704,-0.13784,0.0009078,0.00010428,-0.0046377,0.0078652,-0.0012844,7.8268e-5
V1_pop,0.11575,10.822,-29.589,-4.497,0.0054953,0.080798,-0.29604,0.33379,-0.13929,0.006199
Q_pop,-0.37704,-29.589,172.29,12.616,-0.018193,-0.24396,0.46447,-1.3354,0.74044,-0.024608
V2_pop,-0.13784,-4.497,12.616,15.662,-0.0053594,-0.078744,0.54669,-0.19039,-0.10777,0.001868
omega_Cl,0.0009078,0.0054953,-0.018193,-0.0053594,0.0023876,-4.3861e-5,2.2142e-5,0.00041576,-0.00015996,-5.3661e-6
omega_V1,0.00010428,0.080798,-0.24396,-0.078744,-4.3861e-5,0.0088706,-0.017975,-0.0039084,0.0041002,-0.00026657
omega_Q,-0.0046377,-0.29604,0.46447,0.54669,2.2142e-5,-0.017975,0.162,0.012481,-0.026156,0.0010877
omega_V2,0.0078652,0.33379,-1.3354,-0.19039,0.00041576,-0.0039084,0.012481,0.079007,-0.019929,0.0010362
a,-0.0012844,-0.13929,0.74044,-0.10777,-0.00015996,0.0041002,-0.026156,-0.019929,0.086396,-0.0029937
b,7.8268e-5,0.006199,-0.024608,0.001868,-5.3661e-6,-0.00026657,0.0010877,0.0010362,-0.0029937,0.00026487
