Cl_pop,1,-0.9195,0.011564,-0.032069,0.0032911,0.0064417,-0.023577,0.00015753,0.018595
beta_Cl_tSCRMGDL,-0.9195,1,-0.0070975,0.010508,0.26203,-0.015995,0.022401,0.0010802,-0.0094248
V1_pop,0.011564,-0.0070975,1,-0.12503,0.003804,-0.084474,-0.1044,0.11509,0.04325
V2_pop,-0.032069,0.010508,-0.12503,1,-0.020261,-0.072071,0.41493,-0.13757,-0.13346
omega_Cl,0.0032911,0.26203,0.003804,-0.020261,1,-0.023996,0.015397,-0.010568,-0.0075563
omega_V1,0.0064417,-0.015995,-0.084474,-0.072071,-0.023996,1,-0.20855,-0.074111,-0.091372
omega_Q,-0.023577,0.022401,-0.1044,0.41493,0.015397,-0.20855,1,-0.17076,-0.053278
omega_V2,0.00015753,0.0010802,0.11509,-0.13757,-0.010568,-0.074111,-0.17076,1,0.024145
a,0.018595,-0.0094248,0.04325,-0.13346,-0.0075563,-0.091372,-0.053278,0.024145,1
