Cl_pop,1,-0.95456,0.011963,0.0013257,0,0,0,0,0
beta_Cl_tSCRMGDL,-0.95456,1,-0.0072906,-0.002206,0,0,0,0,0
V1_pop,0.011963,-0.0072906,1,-0.12818,0,0,0,0,0
V2_pop,0.0013257,-0.002206,-0.12818,1,0,0,0,0,0
omega_Cl,0,0,0,0,1,0.00089502,0.0022469,0.00060033,-0.027284
omega_V1,0,0,0,0,0.00089502,1,-0.11217,-0.021953,-0.039362
omega_Q,0,0,0,0,0.0022469,-0.11217,1,-0.036531,-0.093283
omega_V2,0,0,0,0,0.00060033,-0.021953,-0.036531,1,-0.094026
a,0,0,0,0,-0.027284,-0.039362,-0.093283,-0.094026,1
