Cl_pop,16.435,-0.70919,0.1064,0.015556,0,0,0,0,0
beta_Cl_tSCRMGDL,-0.70919,0.033586,-0.0029314,-0.0011702,0,0,0,0,0
V1_pop,0.1064,-0.0029314,4.8136,-0.81402,0,0,0,0,0
V2_pop,0.015556,-0.0011702,-0.81402,8.3784,0,0,0,0,0
omega_Cl,0,0,0,0,0.0018347,2.755e-6,2.3435e-5,4.7446e-6,-0.00026028
omega_V1,0,0,0,0,2.755e-6,0.0051646,-0.0019629,-0.0002911,-0.00062999
omega_Q,0,0,0,0,2.3435e-5,-0.0019629,0.059295,-0.0016414,-0.0050589
omega_V2,0,0,0,0,4.7446e-6,-0.0002911,-0.0016414,0.034046,-0.0038639
a,0,0,0,0,-0.00026028,-0.00062999,-0.0050589,-0.0038639,0.049601
