Cl_pop,16.433,-0.70789,-0.073126,-0.45638,0.00012299,-0.00064211,-0.005521,-0.011292,0.011661
beta_Cl_tSCRMGDL,-0.70789,0.033523,-0.00080497,0.0096283,1.1496e-5,-2.4432e-5,7.7944e-5,0.0006174,-0.00035219
V1_pop,-0.073126,-0.00080497,49.862,-0.81739,-0.0016191,0.63569,-0.26464,-0.052935,-0.00095632
V2_pop,-0.45638,0.0096283,-0.81739,16.207,-0.0012594,-0.020238,0.53908,-0.012089,-0.15209
omega_Cl,0.00012299,1.1496e-5,-0.0016191,-0.0012594,0.0018565,-2.1073e-5,0.00036379,-9.6047e-5,-0.00033338
omega_V1,-0.00064211,-2.4432e-5,0.63569,-0.020238,-2.1073e-5,0.0098102,-0.0059201,-0.0015961,-0.00056051
omega_Q,-0.005521,7.7944e-5,-0.26464,0.53908,0.00036379,-0.0059201,0.12386,-0.0081265,-0.010158
omega_V2,-0.011292,0.0006174,-0.052935,-0.012089,-9.6047e-5,-0.0015961,-0.0081265,0.044736,0.0014758
a,0.011661,-0.00035219,-0.00095632,-0.15209,-0.00033338,-0.00056051,-0.010158,0.0014758,0.04504
