Cl_pop,1,-0.94804,0.077467,0.086858,-0.0080005,-0.1035,0.072135,-0.064767,-0.033968
beta_Cl_tSCRMGDL,-0.94804,1,-0.18436,-0.18946,0.016025,0.2047,-0.1784,0.020493,0.065255
V1_pop,0.077467,-0.18436,1,0.75894,-0.021744,-0.8535,0.73907,0.15595,-0.18887
V2_pop,0.086858,-0.18946,0.75894,1,-0.031934,-0.75031,0.77772,-0.044498,-0.20717
omega_Cl,-0.0080005,0.016025,-0.021744,-0.031934,1,0.062059,-0.050382,-0.059718,-0.04051
omega_V1,-0.1035,0.2047,-0.8535,-0.75031,0.062059,1,-0.73264,-0.061146,0.16697
omega_Q,0.072135,-0.1784,0.73907,0.77772,-0.050382,-0.73264,1,-0.21044,-0.14503
omega_V2,-0.064767,0.020493,0.15595,-0.044498,-0.059718,-0.061146,-0.21044,1,-0.13098
a,-0.033968,0.065255,-0.18887,-0.20717,-0.04051,0.16697,-0.14503,-0.13098,1
