Cl_pop,16.422,-0.70743,-0.040134,-0.20389,0.0019491,-0.00063138,0.0071642,-0.0048729,0.00055
beta_Cl_tSCRMGDL,-0.70743,0.033501,0.0010425,-0.0018192,-5.5234e-5,2.4262e-5,-0.0008516,0.00062162,-2.6354e-5
V1_pop,-0.040134,0.0010425,18.862,-1.1827,-0.0002672,0.26558,-0.2092,0.042458,-0.001042
V2_pop,-0.20389,-0.0018192,-1.1827,19.98,-0.00060212,-0.04981,1.4107,-0.26743,-0.082024
omega_Cl,0.0019491,-5.5234e-5,-0.0002672,-0.00060212,0.0018238,-2.075e-5,0.00044919,-3.5251e-5,-0.00020289
omega_V1,-0.00063138,2.4262e-5,0.26558,-0.04981,-2.075e-5,0.0061394,-0.0097935,0.00064012,-0.0007773
omega_Q,0.0071642,-0.0008516,-0.2092,1.4107,0.00044919,-0.0097935,0.27725,-0.04546,-0.007717
omega_V2,-0.0048729,0.00062162,0.042458,-0.26743,-3.5251e-5,0.00064012,-0.04546,0.055568,0.0035775
a,0.00055,-2.6354e-5,-0.001042,-0.082024,-0.00020289,-0.0007773,-0.007717,0.0035775,0.04144
