Cl_pop,1,-0.95369,0.0096068,-0.019101,0.0045863,-0.0018212,-0.009933,-0.0059505,0.015921
beta_Cl_tSCRMGDL,-0.95369,1,-0.0057456,0.0067239,-0.0040078,-0.0026501,0.0080227,0.0080264,-0.01188
V1_pop,0.0096068,-0.0057456,1,-0.15008,-0.011731,-0.3892,-0.29099,0.1556,0.16142
V2_pop,-0.019101,0.0067239,-0.15008,1,-0.0098138,0.074085,0.30094,-0.089953,-0.11716
omega_Cl,0.0045863,-0.0040078,-0.011731,-0.0098138,1,-0.0068623,0.036589,-0.017137,-0.01547
omega_V1,-0.0018212,-0.0026501,-0.3892,0.074085,-0.0068623,1,0.070855,-0.093425,-0.15119
omega_Q,-0.009933,0.0080227,-0.29099,0.30094,0.036589,0.070855,1,-0.19356,-0.13669
omega_V2,-0.0059505,0.0080264,0.1556,-0.089953,-0.017137,-0.093425,-0.19356,1,0.023233
a,0.015921,-0.01188,0.16142,-0.11716,-0.01547,-0.15119,-0.13669,0.023233,1
