Cl_pop,16.449,-0.70886,-0.057898,-0.28095,0.0039185,-0.0058288,0.011213,-0.0071043,0.0031784
beta_Cl_tSCRMGDL,-0.70886,0.033591,0.010355,-0.037794,-0.00014771,0.001252,-0.0038838,0.00021356,-0.00034613
V1_pop,-0.057898,0.010355,9.9648,-22.777,-0.0071667,0.62943,-1.9465,-0.046924,-0.20718
V2_pop,-0.28095,-0.037794,-22.777,142.65,0.030254,-2.8746,9.4613,1.0673,0.99184
omega_Cl,0.0039185,-0.00014771,-0.0071667,0.030254,0.0018549,-0.00097597,0.0030453,0.00010864,0.00021351
omega_V1,-0.0058288,0.001252,0.62943,-2.8746,-0.00097597,0.082343,-0.24118,-0.014727,-0.029439
omega_Q,0.011213,-0.0038838,-1.9465,9.4613,0.0030453,-0.24118,0.82732,0.036175,0.088499
omega_V2,-0.0071043,0.00021356,-0.046924,1.0673,0.00010864,-0.014727,0.036175,0.057923,0.0023774
a,0.0031784,-0.00034613,-0.20718,0.99184,0.00021351,-0.029439,0.088499,0.0023774,0.059467
