Cl_pop,1,-0.94742,0.012714,-0.027792,0.018289,0.00013073,-0.010243,0.0039462,0.015197
beta_Cl_tSCRMGDL,-0.94742,1,-0.003043,0.0072096,-0.13382,0.0042274,-0.0040356,0.0083501,-0.0052247
V1_pop,0.012714,-0.003043,1,-0.40506,-0.029887,0.24626,-0.47648,0.25802,0.098704
V2_pop,-0.027792,0.0072096,-0.40506,1,0.025416,-0.27388,0.64772,-0.3713,-0.17648
omega_Cl,0.018289,-0.13382,-0.029887,0.025416,1,-0.038616,0.062399,-0.019081,-0.028548
omega_V1,0.00013073,0.0042274,0.24626,-0.27388,-0.038616,1,-0.43643,0.050679,0.0058253
omega_Q,-0.010243,-0.0040356,-0.47648,0.64772,0.062399,-0.43643,1,-0.32437,-0.1508
omega_V2,0.0039462,0.0083501,0.25802,-0.3713,-0.019081,0.050679,-0.32437,1,0.031233
a,0.015197,-0.0052247,0.098704,-0.17648,-0.028548,0.0058253,-0.1508,0.031233,1
