Cl_pop,16.458,-0.71045,0.13415,-0.54382,0.0032992,4.6229e-5,-0.021542,0.0038795,0.012851
beta_Cl_tSCRMGDL,-0.71045,0.034165,-0.0014629,0.0064277,-0.0010999,6.8112e-5,-0.00038672,0.00037401,-0.00020131
V1_pop,0.13415,-0.0014629,6.7643,-5.0814,-0.0034564,0.055831,-0.64246,0.16262,0.053512
V2_pop,-0.54382,0.0064277,-5.0814,23.265,0.0054512,-0.11515,1.6197,-0.43398,-0.17743
omega_Cl,0.0032992,-0.0010999,-0.0034564,0.0054512,0.0019772,-0.00014968,0.0014385,-0.0002056,-0.00026461
omega_V1,4.6229e-5,6.8112e-5,0.055831,-0.11515,-0.00014968,0.0075982,-0.019722,0.0010705,0.00010585
omega_Q,-0.021542,-0.00038672,-0.64246,1.6197,0.0014385,-0.019722,0.26877,-0.040751,-0.016296
omega_V2,0.0038795,0.00037401,0.16262,-0.43398,-0.0002056,0.0010705,-0.040751,0.058724,0.0015777
a,0.012851,-0.00020131,0.053512,-0.17743,-0.00026461,0.00010585,-0.016296,0.0015777,0.043452
