Cl_pop,16.527,-0.71167,0.11251,-0.41839,0.0017637,0.00073724,-0.026288,0.0024682,0.0041596
beta_Cl_tSCRMGDL,-0.71167,0.033696,-0.0032475,0.0074591,-7.48e-5,-6.1127e-5,0.00089032,0.00017021,0.0001254
V1_pop,0.11251,-0.0032475,6.3203,-2.8144,8.2422e-5,0.0023218,-0.27566,0.13994,0.035066
V2_pop,-0.41839,0.0074591,-2.8144,15.876,-0.0034,-0.041861,0.67169,-0.20432,-0.11052
omega_Cl,0.0017637,-7.48e-5,8.2422e-5,-0.0034,0.0019004,-8.0003e-5,0.00025548,-3.3981e-5,-0.00023748
omega_V1,0.00073724,-6.1127e-5,0.0023218,-0.041861,-8.0003e-5,0.0086836,-0.014047,-0.0058528,-0.0016969
omega_Q,-0.026288,0.00089032,-0.27566,0.67169,0.00025548,-0.014047,0.15604,-0.0047261,-0.0055458
omega_V2,0.0024682,0.00017021,0.13994,-0.20432,-3.3981e-5,-0.0058528,-0.0047261,0.070661,0.0028199
a,0.0041596,0.0001254,0.035066,-0.11052,-0.00023748,-0.0016969,-0.0055458,0.0028199,0.065286
