Cl_pop,1,-0.95366,0.0010643,-0.014834,0.014702,-0.0091252,0.0046685,-0.0084806,0.0054167
beta_Cl_tSCRMGDL,-0.95366,1,0.0018601,0.0013362,-0.013169,0.0093233,-0.0080027,0.0099988,-0.0016798
V1_pop,0.0010643,0.0018601,1,-0.20553,-0.0012766,0.0017346,-0.24903,0.14098,0.012566
V2_pop,-0.014834,0.0013362,-0.20553,1,-0.015645,-0.062817,0.33968,-0.047647,-0.10445
omega_Cl,0.014702,-0.013169,-0.0012766,-0.015645,1,-0.023612,0.023808,0.0072456,-0.020173
omega_V1,-0.0091252,0.0093233,0.0017346,-0.062817,-0.023612,1,-0.22984,-0.15116,0.02419
omega_Q,0.0046685,-0.0080027,-0.24903,0.33968,0.023808,-0.22984,1,-0.039945,-0.089067
omega_V2,-0.0084806,0.0099988,0.14098,-0.047647,0.0072456,-0.15116,-0.039945,1,-0.081323
a,0.0054167,-0.0016798,0.012566,-0.10445,-0.020173,0.02419,-0.089067,-0.081323,1
