Cl_pop,16.426,-0.70744,0.010469,-0.21383,0.0025747,-0.002912,0.0070474,-0.007529,0.0045269
beta_Cl_tSCRMGDL,-0.70744,0.0335,0.00082632,0.00086979,-0.00010415,0.00013436,-0.00054556,0.00040087,-6.3398e-5
V1_pop,0.010469,0.00082632,5.8907,-1.7741,-0.00013388,0.00033147,-0.22512,0.07495,0.0062891
V2_pop,-0.21383,0.00086979,-1.7741,12.648,-0.0024043,-0.01759,0.44996,-0.037118,-0.076596
omega_Cl,0.0025747,-0.00010415,-0.00013388,-0.0024043,0.0018671,-8.0333e-5,0.00038317,6.8579e-5,-0.00017974
omega_V1,-0.002912,0.00013436,0.00033147,-0.01759,-8.0333e-5,0.0061994,-0.0067403,-0.002607,0.00039275
omega_Q,0.0070474,-0.00054556,-0.22512,0.44996,0.00038317,-0.0067403,0.13873,-0.0032589,-0.0068407
omega_V2,-0.007529,0.00040087,0.07495,-0.037118,6.8579e-5,-0.002607,-0.0032589,0.047981,-0.0036732
a,0.0045269,-6.3398e-5,0.0062891,-0.076596,-0.00017974,0.00039275,-0.0068407,-0.0036732,0.04252
