Cl_pop,16.399,-0.70593,0.086959,-0.48788,0.00067052,-0.0011277,-0.026825,0.012271,0.01031
beta_Cl_tSCRMGDL,-0.70593,0.033441,0.003051,-0.01574,-3.3603e-5,0.00029397,-0.0037222,0.00076954,-0.00017068
V1_pop,0.086959,0.003051,5.8876,-6.1348,0.00071191,0.038614,-0.91527,0.21582,0.053455
V2_pop,-0.48788,-0.01574,-6.1348,37.482,-0.0041084,-0.29161,4.7646,-1.188,-0.20947
omega_Cl,0.00067052,-3.3603e-5,0.00071191,-0.0041084,0.0018497,-8.8972e-5,6.313e-5,0.00017677,-0.00020262
omega_V1,-0.0011277,0.00029397,0.038614,-0.29161,-8.8972e-5,0.0094625,-0.053019,0.0070418,0.0012006
omega_Q,-0.026825,-0.0037222,-0.91527,4.7646,6.313e-5,-0.053019,0.86411,-0.15687,-0.028055
omega_V2,0.012271,0.00076954,0.21582,-1.188,0.00017677,0.0070418,-0.15687,0.082058,0.0053495
a,0.01031,-0.00017068,0.053455,-0.20947,-0.00020262,0.0012006,-0.028055,0.0053495,0.038118
