Cl_pop,nan,nan,nan,nan,nan,nan,nan,nan,nan
beta_Cl_tSCRMGDL,nan,0.071266,-0.0032227,-0.0092476,0.024422,-0.00017715,0.0027886,0.00020611,-0.0016235
V1_pop,nan,-0.0032227,6.1936,-3.4171,-0.0025151,0.04718,-0.49523,0.092544,0.065195
V2_pop,nan,-0.0092476,-3.4171,17.544,0.0021887,-0.087083,1.0673,-0.10923,-0.22091
omega_Cl,nan,0.024422,-0.0025151,0.0021887,0.0087434,-6.7752e-5,0.001351,-2.1721e-5,-0.00091272
omega_V1,nan,-0.00017715,0.04718,-0.087083,-6.7752e-5,0.0084361,-0.017779,-0.0013526,0.00014666
omega_Q,nan,0.0027886,-0.49523,1.0673,0.001351,-0.017779,0.22032,-0.016442,-0.023158
omega_V2,nan,0.00020611,0.092544,-0.10923,-2.1721e-5,-0.0013526,-0.016442,0.048983,0.0031588
a,nan,-0.0016235,0.065195,-0.22091,-0.00091272,0.00014666,-0.023158,0.0031588,0.047305
