Cl_pop,1,-0.95368,0.0099348,-0.02204,0.0049341,-0.0092425,-0.0062251,-0.0019348,0.01149
beta_Cl_tSCRMGDL,-0.95368,1,-0.0028845,0.0056451,-0.0054825,0.0039185,-0.0005227,0.0073517,-0.0031018
V1_pop,0.0099348,-0.0028845,1,-0.27785,-0.008087,-0.22441,-0.39795,0.25918,0.17209
V2_pop,-0.02204,0.0056451,-0.27785,1,0.0066175,-0.0030849,0.45861,-0.26823,-0.194
omega_Cl,0.0049341,-0.0054825,-0.008087,0.0066175,1,-0.017731,0.03518,-0.021935,-0.01944
omega_V1,-0.0092425,0.0039185,-0.22441,-0.0030849,-0.017731,1,-0.14243,-0.10061,-0.065116
omega_Q,-0.0062251,-0.0005227,-0.39795,0.45861,0.03518,-0.14243,1,-0.30329,-0.20356
omega_V2,-0.0019348,0.0073517,0.25918,-0.26823,-0.021935,-0.10061,-0.30329,1,0.066013
a,0.01149,-0.0031018,0.17209,-0.194,-0.01944,-0.065116,-0.20356,0.066013,1
