Cl_pop,16.461,-0.70878,0.099953,-0.36262,0.00086619,-0.0028194,-0.0096233,-0.0018539,0.0099788
beta_Cl_tSCRMGDL,-0.70878,0.033554,-0.0013102,0.0041932,-4.3453e-5,5.3967e-5,-3.6481e-5,0.00031805,-0.00012162
V1_pop,0.099953,-0.0013102,6.1491,-2.7939,-0.00086769,-0.041839,-0.376,0.15179,0.091343
V2_pop,-0.36262,0.0041932,-2.7939,16.444,0.0011611,-0.00094053,0.70858,-0.25689,-0.16839
omega_Cl,0.00086619,-4.3453e-5,-0.00086769,0.0011611,0.0018721,-5.7683e-5,0.00057997,-0.00022415,-0.00018004
omega_V1,-0.0028194,5.3967e-5,-0.041839,-0.00094053,-5.7683e-5,0.0056529,-0.0040802,-0.0017865,-0.0010479
omega_Q,-0.0096233,-3.6481e-5,-0.376,0.70858,0.00057997,-0.0040802,0.14517,-0.027292,-0.016602
omega_V2,-0.0018539,0.00031805,0.15179,-0.25689,-0.00022415,-0.0017865,-0.027292,0.055779,0.0033371
a,0.0099788,-0.00012162,0.091343,-0.16839,-0.00018004,-0.0010479,-0.016602,0.0033371,0.045816
