Cl_pop,1,-0.95308,0.00080418,-0.013369,0.0014165,-0.01095,0.0081105,-0.0049424,0.004909
beta_Cl_tSCRMGDL,-0.95308,1,0.0052653,-0.0014794,-0.04018,0.013881,-0.01546,0.0063152,0.0017254
V1_pop,0.00080418,0.0052653,1,-0.25381,-0.011456,0.25581,-0.35021,0.01213,0.07531
V2_pop,-0.013369,-0.0014794,-0.25381,1,-0.0087755,-0.21349,0.37231,0.018461,-0.13091
omega_Cl,0.0014165,-0.04018,-0.011456,-0.0087755,1,-0.030115,0.020717,0.0087885,-0.012222
omega_V1,-0.01095,0.013881,0.25581,-0.21349,-0.030115,1,-0.46753,-0.19026,0.022485
omega_Q,0.0081105,-0.01546,-0.35021,0.37231,0.020717,-0.46753,1,0.090169,-0.14373
omega_V2,-0.0049424,0.0063152,0.01213,0.018461,0.0087885,-0.19026,0.090169,1,-0.022204
a,0.004909,0.0017254,0.07531,-0.13091,-0.012222,0.022485,-0.14373,-0.022204,1
