Cl_pop,1,-0.95385,0.0026689,-0.028057,0.012226,0.010377,-0.014546,-0.0061092,0.010242
beta_Cl_tSCRMGDL,-0.95385,1,-0.00035241,0.013535,-0.011055,-0.0097573,0.0093703,0.0073903,-0.0039286
V1_pop,0.0026689,-0.00035241,1,-0.25071,-0.0063601,-0.040832,-0.32026,0.088099,0.012743
V2_pop,-0.028057,0.013535,-0.25071,1,-0.0024217,-0.2953,0.4954,0.015936,-0.11682
omega_Cl,0.012226,-0.011055,-0.0063601,-0.0024217,1,-0.020528,0.024472,-0.003161,-0.024265
omega_V1,0.010377,-0.0097573,-0.040832,-0.2953,-0.020528,1,-0.53561,-0.1864,-0.029884
omega_Q,-0.014546,0.0093703,-0.32026,0.4954,0.024472,-0.53561,1,0.086256,-0.070356
omega_V2,-0.0061092,0.0073903,0.088099,0.015936,-0.003161,-0.1864,0.086256,1,0.0062351
a,0.010242,-0.0039286,0.012743,-0.11682,-0.024265,-0.029884,-0.070356,0.0062351,1
