Cl_pop,16.487,-0.71021,0.02598,-0.44982,0.0021208,0.0046043,-0.025773,-0.0050717,0.0083801
beta_Cl_tSCRMGDL,-0.71021,0.033626,-0.00015493,0.0098003,-8.6604e-5,-0.00019553,0.00074979,0.00027708,-0.00014517
V1_pop,0.02598,-0.00015493,5.7478,-2.3733,-0.00065141,-0.010697,-0.33504,0.043184,0.0061563
V2_pop,-0.44982,0.0098003,-2.3733,15.59,-0.0004085,-0.12742,0.85355,0.012865,-0.092944
omega_Cl,0.0021208,-8.6604e-5,-0.00065141,-0.0004085,0.0018251,-9.5833e-5,0.0004562,-2.761e-5,-0.00020888
omega_V1,0.0046043,-0.00019553,-0.010697,-0.12742,-9.5833e-5,0.011942,-0.025541,-0.0041646,-0.00065804
omega_Q,-0.025773,0.00074979,-0.33504,0.85355,0.0004562,-0.025541,0.19041,0.0076955,-0.0061863
omega_V2,-0.0050717,0.00027708,0.043184,0.012865,-2.761e-5,-0.0041646,0.0076955,0.041803,0.00025688
a,0.0083801,-0.00014517,0.0061563,-0.092944,-0.00020888,-0.00065804,-0.0061863,0.00025688,0.040604
