Cl_pop,16.435,-0.70773,0.083716,-0.39278,0.0018582,-0.00068986,-0.012359,0.0034133,0.012562
beta_Cl_tSCRMGDL,-0.70773,0.033508,-0.0032514,0.0079723,-4.9291e-5,-2.3454e-5,0.00047976,6.9582e-5,-0.00021335
V1_pop,0.083716,-0.0032514,6.2464,-1.4258,-0.0013997,0.058415,-0.1544,0.058949,0.037978
V2_pop,-0.39278,0.0079723,-1.4258,14.864,-0.0007394,0.0014904,0.42924,-0.19545,-0.20034
omega_Cl,0.0018582,-4.9291e-5,-0.0013997,-0.0007394,0.0019079,-3.4806e-5,0.0003004,-0.00022933,-0.00037222
omega_V1,-0.00068986,-2.3454e-5,0.058415,0.0014904,-3.4806e-5,0.0051416,-0.0033439,-0.0021563,-0.0018612
omega_Q,-0.012359,0.00047976,-0.1544,0.42924,0.0003004,-0.0033439,0.10065,-0.010685,-0.011726
omega_V2,0.0034133,6.9582e-5,0.058949,-0.19545,-0.00022933,-0.0021563,-0.010685,0.057648,0.0073958
a,0.012562,-0.00021335,0.037978,-0.20034,-0.00037222,-0.0018612,-0.011726,0.0073958,0.052125
