Cl_pop,1,-0.954,-0.0025304,-0.001063,0.0188,-0.014461,0.011871,-0.0045958,0.010877
beta_Cl_tSCRMGDL,-0.954,1,0.013895,-0.01485,-0.019428,0.012196,-0.025127,0.017162,-0.011086
V1_pop,-0.0025304,0.013895,1,-0.52441,-0.0076056,0.16327,-0.53984,0.48528,-0.1385
V2_pop,-0.001063,-0.01485,-0.52441,1,0.0040782,0.0038764,0.71123,-0.67381,0.13599
omega_Cl,0.0188,-0.019428,-0.0076056,0.0040782,1,-0.015251,0.017072,-0.002905,-0.0030566
omega_V1,-0.014461,0.012196,0.16327,0.0038764,-0.015251,1,-0.15398,-0.10628,-0.17768
omega_Q,0.011871,-0.025127,-0.53984,0.71123,0.017072,-0.15398,1,-0.59851,0.25677
omega_V2,-0.0045958,0.017162,0.48528,-0.67381,-0.002905,-0.10628,-0.59851,1,-0.12088
a,0.010877,-0.011086,-0.1385,0.13599,-0.0030566,-0.17768,0.25677,-0.12088,1
