Cl_pop,1,-0.94826,0.0040624,-0.021255,0.1147,-0.010854,-0.0051811,0.0040904,0.011404
beta_Cl_tSCRMGDL,-0.94826,1,0.002932,0.0031532,-0.0081814,0.0048013,-0.0010422,0.005714,-0.0048607
V1_pop,0.0040624,0.002932,1,-0.35447,0.0043523,-0.075895,-0.3319,0.34821,0.15281
V2_pop,-0.021255,0.0031532,-0.35447,1,-0.019531,-0.0043446,0.54874,-0.42819,-0.23943
omega_Cl,0.1147,-0.0081814,0.0043523,-0.019531,1,-0.02074,0.0057258,0.0070648,-0.020785
omega_V1,-0.010854,0.0048013,-0.075895,-0.0043446,-0.02074,1,-0.18248,-0.18056,-0.049902
omega_Q,-0.0051811,-0.0010422,-0.3319,0.54874,0.0057258,-0.18248,1,-0.32877,-0.25328
omega_V2,0.0040904,0.005714,0.34821,-0.42819,0.0070648,-0.18056,-0.32877,1,0.16436
a,0.011404,-0.0048607,0.15281,-0.23943,-0.020785,-0.049902,-0.25328,0.16436,1
