Cl_pop,nan,nan,nan,nan,nan,nan,nan,nan,nan
beta_Cl_tSCRMGDL,nan,1,-0.018563,-0.0039764,0.96164,-0.043528,0.045332,0.0099464,-0.01929
V1_pop,nan,-0.018563,1,-0.18875,-0.023995,0.05361,-0.23674,0.14598,0.077528
V2_pop,nan,-0.0039764,-0.18875,1,0.013065,-0.13537,0.40659,-0.027279,-0.19467
omega_Cl,nan,0.96164,-0.023995,0.013065,1,-0.045577,0.055305,0.0056017,-0.040062
omega_V1,nan,-0.043528,0.05361,-0.13537,-0.045577,1,-0.30571,-0.13267,-0.022189
omega_Q,nan,0.045332,-0.23674,0.40659,0.055305,-0.30571,1,-0.090997,-0.13869
omega_V2,nan,0.0099464,0.14598,-0.027279,0.0056017,-0.13267,-0.090997,1,0.034912
a,nan,-0.01929,0.077528,-0.19467,-0.040062,-0.022189,-0.13869,0.034912,1
