Cl_pop,nan,nan,nan,nan,nan,nan,nan,nan,nan
beta_Cl_tSCRMGDL,nan,0.040516,-0.0085499,-0.0030482,0.014508,-0.00075378,0.0035548,0.00044406,-0.0008423
V1_pop,nan,-0.0085499,5.2358,-1.6448,-0.0041153,0.010554,-0.21104,0.07409,0.038484
V2_pop,nan,-0.0030482,-1.6448,14.503,0.0037293,-0.044351,0.60324,-0.023042,-0.16083
omega_Cl,nan,0.014508,-0.0041153,0.0037293,0.0056179,-0.0002939,0.0016149,9.3126e-5,-0.00065141
omega_V1,nan,-0.00075378,0.010554,-0.044351,-0.0002939,0.0074017,-0.010246,-0.0025316,-0.00041413
omega_Q,nan,0.0035548,-0.21104,0.60324,0.0016149,-0.010246,0.15177,-0.0078631,-0.011721
omega_V2,nan,0.00044406,0.07409,-0.023042,9.3126e-5,-0.0025316,-0.0078631,0.049196,0.0016799
a,nan,-0.0008423,0.038484,-0.16083,-0.00065141,-0.00041413,-0.011721,0.0016799,0.047061
