Cl_pop,16.402,-0.70663,0.047059,-0.33899,0.0028494,0.0013834,-0.030318,-0.0063828,0.0015386
beta_Cl_tSCRMGDL,-0.70663,0.033469,-0.00035973,0.002973,-0.00011961,6.4492e-6,0.00019593,0.00035466,8.0767e-5
V1_pop,0.047059,-0.00035973,5.8016,-4.891,0.00031096,0.080107,-1.0361,0.07938,-0.030117
V2_pop,-0.33899,0.002973,-4.891,31.421,-0.0043378,-0.41904,4.9804,-0.133,0.12561
omega_Cl,0.0028494,-0.00011961,0.00031096,-0.0043378,0.0018453,-1.9688e-5,-0.00018436,1.8788e-5,-0.00027374
omega_V1,0.0013834,6.4492e-6,0.080107,-0.41904,-1.9688e-5,0.014605,-0.10597,-0.00025204,-0.0054469
omega_Q,-0.030318,0.00019593,-1.0361,4.9804,-0.00018436,-0.10597,1.2542,-0.02528,0.044813
omega_V2,-0.0063828,0.00035466,0.07938,-0.133,1.8788e-5,-0.00025204,-0.02528,0.048404,-0.0022915
a,0.0015386,8.0767e-5,-0.030117,0.12561,-0.00027374,-0.0054469,0.044813,-0.0022915,0.045824
