Cl_pop,1,-0.95387,0.00528,-0.016694,0.011235,-0.0066395,-0.0028584,-0.001508,0.0079308
beta_Cl_tSCRMGDL,-0.95387,1,-0.0041527,0.0074733,-0.0067571,0.0045254,0.0019637,0.0032675,-0.0042767
V1_pop,0.00528,-0.0041527,1,-0.22297,-0.0097171,0.08814,-0.28124,0.16254,0.048064
V2_pop,-0.016694,0.0074733,-0.22297,1,-0.0026583,-0.065475,0.33786,-0.2343,-0.11384
omega_Cl,0.011235,-0.0067571,-0.0097171,-0.0026583,1,-0.02216,0.022363,-0.0010168,-0.011748
omega_V1,-0.0066395,0.0045254,0.08814,-0.065475,-0.02216,1,-0.267,-0.16114,0.014839
omega_Q,-0.0028584,0.0019637,-0.28124,0.33786,0.022363,-0.267,1,-0.11111,-0.093294
omega_V2,-0.001508,0.0032675,0.16254,-0.2343,-0.0010168,-0.16114,-0.11111,1,-0.0043383
a,0.0079308,-0.0042767,0.048064,-0.11384,-0.011748,0.014839,-0.093294,-0.0043383,1
