Cl_pop,16.969,-0.72755,-0.0042517,-0.63785,0.0017373,0.0054964,-0.014619,-0.040674,0.032917
beta_Cl_tSCRMGDL,-0.72755,0.034329,-0.00071135,0.016081,-4.3398e-5,-0.00027739,0.0013355,0.0016316,-0.0011466
V1_pop,-0.0042517,-0.00071135,5.2732,-1.1235,-0.0019693,-0.026555,-0.035581,0.10672,0.041143
V2_pop,-0.63785,0.016081,-1.1235,15.513,-0.0051492,-0.024233,0.58699,-0.14479,0.076233
omega_Cl,0.0017373,-4.3398e-5,-0.0019693,-0.0051492,0.002078,-4.7767e-5,0.00046322,-0.00018774,-0.0015123
omega_V1,0.0054964,-0.00027739,-0.026555,-0.024233,-4.7767e-5,0.005853,-0.0070235,-0.0012771,-0.0031169
omega_Q,-0.014619,0.0013355,-0.035581,0.58699,0.00046322,-0.0070235,0.20562,-0.037918,0.048703
omega_V2,-0.040674,0.0016316,0.10672,-0.14479,-0.00018774,-0.0012771,-0.037918,0.081134,-0.03045
a,0.032917,-0.0011466,0.041143,0.076233,-0.0015123,-0.0031169,0.048703,-0.03045,0.25545
