Cl_pop,107.74,-0.90912,-0.21384,-1.0343,1.0366,-0.043765,0.20877,0.061005,0.071545
beta_Cl_tSCRMGDL,-0.90912,0.033687,0.0026353,0.0043883,0.00087842,0.0001123,-0.000155,0.00020075,-0.00094573
V1_pop,-0.21384,0.0026353,5.5637,-2.7221,-0.003402,0.027473,-0.34121,0.03617,0.080959
V2_pop,-1.0343,0.0043883,-2.7221,17.626,-0.0047187,-0.097346,1.0995,-0.029158,-0.2841
omega_Cl,1.0366,0.00087842,-0.003402,-0.0047187,0.014009,-0.00057099,0.0032312,0.00081894,0.00010475
omega_V1,-0.043765,0.0001123,0.027473,-0.097346,-0.00057099,0.0076262,-0.017292,-0.0026968,0.0017317
omega_Q,0.20877,-0.000155,-0.34121,1.0995,0.0032312,-0.017292,0.21966,-0.0062896,-0.027687
omega_V2,0.061005,0.00020075,0.03617,-0.029158,0.00081894,-0.0026968,-0.0062896,0.046576,0.001031
a,0.071545,-0.00094573,0.080959,-0.2841,0.00010475,0.0017317,-0.027687,0.001031,0.050789
